DATE,OPEN,HIGH,LOW,CLOSE
1996-10-04,6.8629,7.0574,6.3924,6.9789
1996-10-07,7.0574,7.2926,6.7813,6.9789
1996-10-08,6.9789,7.2142,6.8629,7.1766
1996-10-09,7.2142,7.6847,7.0950,7.6847
1996-10-10,7.7631,8.4312,7.7631,8.1175
1996-10-11,8.2336,8.2744,7.6847,7.8039
1996-10-14,7.7631,8.0768,7.5655,8.0768
1996-10-15,7.9983,8.2336,7.9607,7.9607
1996-10-16,7.8792,7.9199,7.3334,7.3334
1996-10-17,7.3710,7.5279,7.3710,7.4494
1996-10-18,7.3710,7.5279,7.3710,7.4494
1996-10-21,7.3710,7.3710,7.0950,7.3334
1996-10-22,7.3334,7.4087,7.1358,7.1358
1996-10-23,7.1358,7.2142,7.1358,7.2142
1996-10-24,7.2142,7.2142,6.9005,7.1358
1996-10-25,7.1358,7.1358,6.9382,6.9382
1996-10-28,6.9789,6.9789,6.5869,6.7061
1996-10-29,6.7813,6.9005,6.7813,6.7813
1996-10-30,6.8221,6.8221,6.5492,6.5492
1996-10-31,6.5085,6.5492,6.2356,6.3109
1996-11-01,6.3924,6.5085,6.3516,6.5085
1996-11-04,6.8613,7.0574,6.3908,6.9789
1996-11-05,6.8221,6.8629,6.7061,6.7813
1996-11-06,6.7061,6.9005,6.7061,6.9005
1996-11-07,7.0574,7.2926,6.7829,6.9789
1996-11-08,6.9789,7.2142,6.8613,7.1750
1996-11-11,8.2336,8.2728,7.6847,7.8023
1996-11-12,6.9789,7.0197,6.9005,6.9005
1996-11-13,6.9005,6.9005,6.8221,6.8629
1996-11-14,7.7631,8.0768,7.5671,8.0768
1996-11-15,7.9983,8.2336,7.9591,7.9591
1996-11-18,7.4886,7.5279,7.3710,7.4494
1996-11-19,6.6653,7.1358,6.6653,7.1358
1996-11-20,7.2142,7.3334,7.1358,7.1766
1996-11-21,7.3710,7.3710,7.0966,7.3318
1996-11-22,7.3318,7.4102,7.1358,7.1358
1996-11-25,7.1358,7.1358,6.9397,6.9397
1996-11-26,6.7813,6.8221,6.6245,6.7437
1996-11-27,6.6653,6.6653,6.4300,6.4300
1996-11-29,6.7829,6.9005,6.7829,6.7829
1996-12-02,6.4300,6.4300,6.2732,6.3109
1996-12-03,6.3109,6.5085,6.2356,6.3109
1996-12-04,6.5085,6.7437,6.5085,6.7437
1996-12-05,6.8221,6.8613,6.7045,6.7829
1996-12-06,6.7045,6.9005,6.7045,6.9005
1996-12-09,5.9596,5.9972,5.6459,5.9596
1996-12-10,6.0380,6.3924,5.9219,6.3516
1996-12-11,7.1358,7.1358,6.9789,6.9789
1996-12-12,6.9789,7.0182,6.9005,6.9005
1996-12-13,6.9005,6.9005,6.8221,6.8613
1996-12-16,6.1948,6.1948,5.8027,5.8027
1996-12-17,5.7651,5.8027,5.6459,5.6459
1996-12-18,6.8613,6.8613,6.6261,6.6653
1996-12-19,6.8221,7.1358,6.6653,7.1358
1996-12-20,7.2142,7.3318,7.1358,7.1750
1996-12-23,5.9219,5.9972,5.6835,5.7651
1996-12-24,5.7243,5.8027,5.7243,5.8027
1996-12-26,6.7829,6.8221,6.6261,6.7437
1996-12-27,6.5085,6.6653,6.4300,6.4300
1996-12-30,5.8027,5.8404,5.7243,5.7243
1996-12-31,5.6835,5.7243,5.4106,5.6083
1997-01-02,5.6459,5.6867,5.4891,5.4891
1997-01-03,5.4514,5.4514,5.4106,5.4514
1997-01-06,5.4514,5.4891,5.4106,5.4514
1997-01-07,5.4106,5.4891,5.3322,5.4891
1997-01-08,5.4514,5.5675,5.4514,5.5675
1997-01-09,5.5298,5.6459,5.4106,5.6083
1997-01-10,5.5298,5.6459,5.5298,5.6083
1997-01-13,5.6867,5.7651,5.6867,5.7243
1997-01-14,5.6867,6.0380,5.6459,5.9596
1997-01-15,6.0003,6.0380,5.8027,5.8027
1997-01-16,5.8027,5.8027,5.6459,5.7651
1997-01-17,5.7651,5.8435,5.7651,5.8027
1997-01-20,5.8027,5.8435,5.7651,5.8027
1997-01-21,5.7651,5.7651,5.6083,5.6459
1997-01-22,5.6459,5.6459,5.5298,5.5675
1997-01-23,5.5298,5.5298,5.3730,5.4514
1997-01-24,5.4514,5.4891,5.4106,5.4514
1997-01-27,5.3730,5.3730,5.2538,5.3322
1997-01-28,5.3322,5.3322,5.2946,5.2946
1997-01-29,5.3322,5.3730,5.2162,5.3322
1997-01-30,5.3730,5.4891,5.3730,5.4106
1997-01-31,5.4891,5.5298,5.4514,5.5298
1997-02-03,5.5675,5.7243,5.5675,5.7243
1997-02-04,5.7243,5.8027,5.6459,5.6459
1997-02-05,5.6867,5.6867,5.5298,5.5675
1997-02-06,5.5926,5.5926,5.5548,5.5926
1997-02-07,5.6335,5.6713,5.5138,5.5138
1997-02-10,5.4760,5.5548,5.4350,5.4350
1997-02-11,5.4760,5.4760,5.3185,5.3185
1997-02-12,5.3563,5.3972,5.3185,5.3185
1997-02-13,5.3185,5.3563,5.3185,5.3185
1997-02-14,5.2775,5.3972,5.2775,5.3563
1997-02-18,5.3563,5.4350,5.2775,5.3563
1997-02-19,5.3972,5.3972,5.2775,5.3972
1997-02-20,5.3972,5.4760,5.3972,5.4760
1997-02-21,5.4760,5.5138,5.3185,5.3563
1997-02-24,5.3563,5.3972,5.3185,5.3185
1997-02-25,5.3185,5.3563,5.2397,5.3563
1997-02-26,5.3563,5.4350,5.3563,5.4350
1997-02-27,5.4760,5.4760,5.3185,5.3185
1997-02-28,5.3185,5.3563,5.3185,5.3563
1997-03-03,5.3185,5.3972,5.3185,5.3972
1997-03-04,5.4350,5.4760,5.3972,5.4760
1997-03-05,5.5138,5.5138,5.4760,5.5138
1997-03-06,5.5926,5.6335,5.4760,5.6335
1997-03-07,5.6335,5.7123,5.6335,5.6335
1997-03-10,5.8698,5.9486,5.5548,5.9076
1997-03-11,5.9486,6.0652,5.8698,5.9864
1997-03-12,6.0274,6.0652,5.8698,5.9864
1997-03-13,6.0274,6.1439,6.0274,6.1061
1997-03-14,6.1439,6.2637,6.1061,6.1849
1997-03-17,6.3803,6.4590,6.1849,6.3015
1997-03-18,6.3424,6.3424,6.0652,6.1439
1997-03-19,6.1439,6.1849,6.0274,6.1061
1997-03-20,6.0652,6.0652,5.9076,6.0652
1997-03-21,6.0652,6.0652,5.9864,6.0652
1997-03-24,5.9864,6.0274,5.8698,5.9864
1997-03-25,5.9486,5.9486,5.8289,5.9076
1997-03-26,5.9076,5.9076,5.7911,5.8698
1997-03-27,5.9076,5.9076,5.7501,5.7911
1997-03-31,5.7123,5.7911,5.6335,5.6335
1997-04-01,5.4760,5.5926,5.3563,5.4760
1997-04-02,5.4350,5.4760,5.3563,5.3563
1997-04-03,5.3563,5.3563,5.3185,5.3563
1997-04-04,5.3563,5.4350,5.2397,5.4350
1997-04-07,5.4350,5.4760,5.3185,5.3185
1997-04-08,5.3972,5.4350,5.3185,5.3563
1997-04-09,5.3972,5.3972,5.3563,5.3972
1997-04-10,5.4350,5.4350,5.3972,5.4350
1997-04-11,5.4350,5.4760,5.3972,5.4350
1997-04-14,5.4350,5.4760,5.3972,5.4350
1997-04-15,5.4350,5.5548,5.4350,5.4760
1997-04-16,5.3563,5.4350,5.3563,5.4350
1997-04-17,5.3972,5.4760,5.3563,5.3563
1997-04-18,5.3972,5.4350,5.2775,5.3972
1997-04-21,5.4350,5.4350,5.2775,5.3185
1997-04-22,5.2775,5.3185,5.2775,5.2775
1997-04-23,5.2775,5.3185,5.2775,5.2775
1997-04-24,5.3185,5.3563,5.2775,5.2775
1997-04-25,5.2775,5.2775,5.2397,5.2775
1997-04-28,5.3185,5.3185,5.1987,5.1987
1997-04-29,5.2397,5.2397,5.1200,5.1200
1997-04-30,5.0821,5.2397,5.0821,5.1609
1997-05-01,5.1987,5.1987,5.1200,5.1609
1997-05-02,5.1609,5.1609,5.0821,5.1609
1997-05-05,5.1987,5.4760,5.1200,5.4760
1997-05-06,5.4350,5.5138,5.4350,5.5138
1997-05-07,5.5390,5.6973,5.5010,5.5390
1997-05-08,5.5802,5.6181,5.5390,5.6181
1997-05-09,5.6593,5.6973,5.6181,5.6181
1997-05-12,5.6181,5.6593,5.6181,5.6593
1997-05-13,5.6181,5.7764,5.6181,5.7384
1997-05-14,5.6973,5.7384,5.6593,5.6973
1997-05-15,5.7384,5.7764,5.6593,5.7764
1997-05-16,5.8175,5.8555,5.7764,5.7764
1997-05-19,5.7764,5.7764,5.7384,5.7384
1997-05-20,5.7384,5.8555,5.7384,5.7384
1997-05-21,5.9346,5.9346,5.7764,5.8967
1997-05-22,5.9346,6.0549,5.8967,6.0138
1997-05-23,6.0549,6.1341,6.0138,6.0929
1997-05-27,6.0138,6.0929,6.0138,6.0138
1997-05-28,5.9758,6.0138,5.8555,5.8555
1997-05-29,5.9346,6.0138,5.8555,5.9758
1997-05-30,6.0138,6.0549,5.9346,6.0549
1997-06-02,6.2512,6.2923,6.1720,6.2923
1997-06-03,6.2923,6.2923,6.1341,6.2132
1997-06-04,6.2512,6.2512,6.1720,6.1720
1997-06-05,6.1341,6.1341,6.0549,6.0549
1997-06-06,5.8555,6.0929,5.8555,5.9758
1997-06-09,5.9758,6.0138,5.9346,5.9346
1997-06-10,5.9346,5.9758,5.8555,5.8555
1997-06-11,5.8175,5.8555,5.7384,5.8175
1997-06-12,5.8175,5.8175,5.6181,5.6181
1997-06-13,5.6593,5.6593,5.5802,5.6181
1997-06-16,5.6593,5.6973,5.6593,5.6593
1997-06-17,5.7384,5.8555,5.6593,5.6973
1997-06-18,5.7384,5.7384,5.5802,5.6973
1997-06-19,5.6973,5.6973,5.5010,5.5390
1997-06-20,5.5802,5.6973,5.5010,5.6973
1997-06-23,5.6593,5.6593,5.5390,5.5802
1997-06-24,5.5991,5.5991,5.4599,5.4599
1997-06-25,5.5390,5.5802,5.4599,5.5802
1997-06-26,5.6371,5.6783,5.6181,5.6783
1997-06-27,5.6783,5.6973,5.6783,5.6973
1997-06-30,5.7384,5.7764,5.6973,5.6973
1997-07-01,5.7163,5.7764,5.6593,5.6783
1997-07-02,5.6973,5.6973,5.5802,5.6181
1997-07-03,5.6783,5.6973,5.6593,5.6973
1997-07-07,5.7384,5.8175,5.6973,5.7764
1997-07-08,5.8175,5.8967,5.7764,5.8175
1997-07-09,5.7764,5.7954,5.7574,5.7764
1997-07-10,5.7764,5.7954,5.6973,5.6973
1997-07-11,5.6181,5.6593,5.5770,5.5770
1997-07-14,5.5991,5.6783,5.5991,5.6371
1997-07-15,5.5991,5.6783,5.4219,5.4219
1997-07-16,5.5010,5.5010,5.5010,5.5010
1997-07-17,5.5802,5.5802,5.5390,5.5802
1997-07-18,5.5802,5.5802,5.5010,5.5802
1997-07-21,5.5390,5.5991,5.5390,5.5580
1997-07-22,5.6181,5.6973,5.5010,5.5010
1997-07-23,5.5390,5.5802,5.4789,5.5802
1997-07-24,5.3618,5.3997,5.3618,5.3807
1997-07-25,5.5390,5.5390,5.3807,5.4789
1997-07-28,5.5390,5.5390,5.4599,5.5390
1997-07-29,5.5390,5.5580,5.5010,5.5010
1997-07-30,5.5390,5.5580,5.5010,5.5010
1997-07-31,5.5010,5.6181,5.4789,5.5390
1997-08-01,5.5390,5.6371,5.5390,5.6371
1997-08-04,5.6181,5.6593,5.5010,5.5200
1997-08-05,5.4599,5.5010,5.3016,5.4789
1997-08-06,5.5255,5.8021,5.5255,5.7226
1997-08-07,5.7035,5.8434,5.6844,5.7226
1997-08-08,5.7226,5.7639,5.6050,5.7226
1997-08-11,5.6844,5.7417,5.5636,5.6622
1997-08-12,5.6844,5.7035,5.5636,5.5636
1997-08-13,5.6431,5.6844,5.5636,5.6431
1997-08-14,5.6844,5.6844,5.6431,5.6622
1997-08-15,5.6844,5.7035,5.6431,5.6844
1997-08-18,5.6844,5.7035,5.6240,5.6844
1997-08-19,5.6050,5.6844,5.6050,5.6844
1997-08-20,5.6844,5.7226,5.6622,5.7226
1997-08-21,5.7417,6.0818,5.7226,6.0818
1997-08-22,6.0024,6.0818,5.8434,5.9801
1997-08-25,6.0024,6.1804,5.9801,6.1804
1997-08-26,6.1804,6.1804,6.0405,6.0405
1997-08-27,6.1009,6.1613,6.0818,6.1613
1997-08-28,6.0818,6.1804,6.0405,6.1804
1997-08-29,6.1613,6.1995,6.1613,6.1804
1997-09-02,6.1995,6.2789,6.1391,6.2185
1997-09-03,6.1995,6.1995,6.1613,6.1995
1997-09-04,6.1804,6.1995,6.1613,6.1995
1997-09-05,6.2185,6.2185,6.1613,6.1995
1997-09-08,6.2408,6.3394,6.2185,6.3394
1997-09-09,6.4379,6.7177,6.3394,6.5778
1997-09-10,6.5587,6.6159,6.4379,6.4983
1997-09-11,6.3998,6.4792,6.3203,6.3998
1997-09-12,6.3998,6.3998,6.2408,6.2408
1997-09-15,6.2408,6.4379,6.1995,6.4188
1997-09-16,6.4792,6.5587,6.4570,6.4792
1997-09-17,6.5174,6.6573,6.3203,6.3203
1997-09-18,6.2789,6.3394,6.1995,6.3394
1997-09-19,6.2408,6.3203,6.2408,6.3203
1997-09-22,6.4379,6.5174,6.3203,6.4379
1997-09-23,6.3998,6.4792,6.2408,6.4379
1997-09-24,6.3584,6.3998,6.2408,6.3584
1997-09-25,6.2789,6.3584,6.1804,6.1804
1997-09-26,6.1391,6.3584,6.1391,6.3584
1997-09-29,6.3203,6.3998,6.3203,6.3775
1997-09-30,6.3584,6.6573,6.3584,6.6573
1997-10-01,6.8353,6.9561,6.6763,6.8353
1997-10-02,6.8766,6.8766,6.6954,6.7368
1997-10-03,6.8353,6.8353,6.7368,6.7558
1997-10-06,6.8353,6.8353,6.7368,6.7558
1997-10-07,6.8353,6.8544,6.7177,6.7972
1997-10-08,6.8766,6.9148,6.7749,6.8766
1997-10-09,6.7972,6.8353,6.7972,6.8162
1997-10-10,6.8353,6.9339,6.7972,6.9339
1997-10-13,6.9752,6.9752,6.9148,6.9339
1997-10-14,6.8957,6.9561,6.7558,6.9148
1997-10-15,6.8957,6.9148,6.8957,6.8957
1997-10-16,6.8766,6.9148,6.8544,6.8544
1997-10-17,6.8544,6.9148,6.8353,6.9148
1997-10-20,6.8957,7.0356,6.8766,6.9752
1997-10-21,6.9148,7.0737,6.7972,6.9148
1997-10-22,6.8162,6.8957,6.7749,6.8957
1997-10-23,6.6954,6.7558,6.6763,6.7368
1997-10-24,6.7749,6.8353,6.7177,6.7177
1997-10-27,6.6573,6.6573,6.3584,6.3584
1997-10-28,6.2789,6.4379,6.1804,6.4379
1997-10-29,6.4570,6.4570,6.3203,6.3584
1997-10-30,6.3584,6.3584,6.2980,6.3584
1997-10-31,6.4379,6.4379,6.2789,6.2789
1997-11-03,6.3584,6.4983,6.3394,6.4570
1997-11-04,6.4379,6.4983,6.3584,6.3584
1997-11-05,6.4379,6.4570,6.3584,6.3998
1997-11-06,6.4028,6.4252,6.3837,6.4252
1997-11-07,6.3645,6.5433,6.3645,6.4826
1997-11-10,6.4826,6.5050,6.3837,6.3837
1997-11-11,6.3837,6.4826,6.3837,6.4443
1997-11-12,6.4635,6.4826,6.3837,6.4252
1997-11-13,6.5050,6.5050,6.3454,6.3454
1997-11-14,6.3231,6.5050,6.3231,6.4443
1997-11-17,6.4635,6.5241,6.4635,6.4635
1997-11-18,6.4635,6.4635,6.3454,6.3837
1997-11-19,6.3454,6.3837,6.3039,6.3645
1997-11-20,6.5433,6.8018,6.5433,6.7827
1997-11-21,6.8433,6.8625,6.7029,6.7827
1997-11-24,6.7827,7.0221,6.7444,6.9838
1997-11-25,6.9838,7.0412,6.9838,7.0029
1997-11-26,7.0029,7.0827,6.9423,7.0827
1997-11-28,7.1019,7.1210,7.0827,7.1210
1997-12-01,7.1625,7.2232,6.9838,6.9838
1997-12-02,6.9838,6.9838,6.8625,6.9614
1997-12-03,7.0029,7.0636,6.9423,7.0221
1997-12-04,7.0827,7.2232,7.0412,7.0636
1997-12-05,7.0412,7.0412,6.9423,7.0412
1997-12-08,7.0221,7.0636,6.9838,7.0221
1997-12-09,7.0221,7.1434,7.0221,7.0636
1997-12-10,7.1019,7.1019,7.0029,7.0221
1997-12-11,7.0221,7.0221,6.9423,6.9838
1997-12-12,6.9838,6.9838,6.9231,6.9423
1997-12-15,6.9423,7.0221,6.9231,7.0221
1997-12-16,7.0029,7.0221,6.9614,6.9614
1997-12-17,7.0636,7.2615,7.0636,7.2232
1997-12-18,7.3029,7.3413,7.3029,7.3029
1997-12-19,7.3029,7.3221,7.2423,7.2806
1997-12-22,7.3221,7.3413,7.2615,7.3413
1997-12-23,7.3827,7.5423,7.3827,7.5008
1997-12-24,7.4210,7.5008,7.4210,7.5008
1997-12-26,7.5008,7.5008,7.4402,7.4402
1997-12-29,7.4625,7.5200,7.3413,7.3604
1997-12-30,7.3413,7.3413,7.2806,7.3029
1997-12-31,7.3029,7.3413,7.3029,7.3221
1998-01-02,7.2806,7.3029,7.2423,7.2615
1998-01-05,7.2232,7.2232,7.1019,7.1625
1998-01-06,7.2008,7.2423,7.1434,7.2423
1998-01-07,7.1817,7.2615,7.1817,7.2615
1998-01-08,7.2232,7.3413,7.1817,7.1817
1998-01-09,7.1625,7.1625,6.9838,6.9838
1998-01-12,6.9614,6.9838,6.8625,6.8625
1998-01-13,6.8625,6.8816,6.8242,6.8625
1998-01-14,6.8625,6.8625,6.8018,6.8625
1998-01-15,6.8625,6.9838,6.8242,6.9838
1998-01-16,7.0221,7.2423,7.0221,7.1817
1998-01-20,7.1019,7.3413,7.1019,7.1817
1998-01-21,7.1817,7.2423,7.1019,7.1817
1998-01-22,7.1434,7.2615,7.1434,7.2008
1998-01-23,7.1817,7.3221,7.1625,7.2615
1998-01-26,7.3221,7.3413,7.2008,7.2008
1998-01-27,7.2008,7.3221,7.2008,7.3221
1998-01-28,7.3029,7.4019,7.3029,7.3221
1998-01-29,7.2615,7.4402,7.2423,7.4402
1998-01-30,7.4625,7.5806,7.4210,7.5615
1998-02-02,7.5615,7.5615,7.4625,7.5008
1998-02-03,7.5423,7.6413,7.4625,7.5008
1998-02-04,7.5423,7.5998,7.4625,7.5998
1998-02-05,7.5615,7.7211,7.5615,7.7211
1998-02-06,7.7468,7.7660,7.6860,7.6860
1998-02-09,7.6860,7.7276,7.6059,7.7276
1998-02-10,7.7276,8.6467,7.7276,8.1663
1998-02-11,8.2080,8.3681,8.0479,8.1055
1998-02-12,8.1279,8.1663,8.0479,8.1663
1998-02-13,8.1663,8.3457,8.1279,8.2464
1998-02-17,8.2880,8.4482,8.2880,8.3873
1998-02-18,8.3681,8.7876,8.3681,8.4482
1998-02-19,8.4674,8.4674,8.3457,8.3873
1998-02-20,8.4674,8.4866,8.3873,8.4482
1998-02-23,8.4482,8.9061,8.4257,8.8677
1998-02-24,8.8677,9.0887,8.7076,8.9670
1998-02-25,8.9670,9.2488,8.9670,9.1687
1998-02-26,9.1687,9.1879,8.8677,8.8677
1998-02-27,8.9061,8.9061,8.6275,8.6467
1998-03-02,8.5859,8.8068,8.5859,8.8068
1998-03-03,8.8869,9.5882,8.8869,9.3673
1998-03-04,9.3673,9.5274,9.1879,9.5082
1998-03-05,9.4473,9.5690,9.2488,9.5690
1998-03-06,9.6075,9.6075,9.4666,9.5274
1998-03-09,9.6075,9.6075,9.3288,9.3673
1998-03-10,9.3673,9.3673,9.1271,9.1687
1998-03-11,9.1271,9.4089,9.1271,9.3673
1998-03-12,9.4473,9.4890,9.3481,9.4473
1998-03-13,9.4890,9.5274,9.2680,9.2872
1998-03-16,9.3673,9.3673,9.2072,9.3481
1998-03-17,9.3673,9.4089,9.3064,9.3064
1998-03-18,9.2872,9.4089,9.2872,9.3481
1998-03-19,9.3673,9.4089,9.2872,9.2872
1998-03-20,9.3288,9.3673,9.3288,9.3673
1998-03-23,9.2872,9.4281,9.2488,9.3865
1998-03-24,9.3673,9.4890,9.3673,9.4089
1998-03-25,9.3673,9.4089,9.2872,9.2872
1998-03-26,9.3064,9.3064,9.2072,9.3064
1998-03-27,9.3064,9.3673,9.1079,9.2072
1998-03-30,9.2072,9.4089,9.2072,9.3481
1998-03-31,9.3865,9.4666,9.3064,9.4473
1998-04-01,9.4473,9.4473,9.3673,9.4473
1998-04-02,9.4473,9.4473,9.2072,9.2264
1998-04-03,9.2680,9.3673,9.2680,9.3673
1998-04-06,9.3288,9.4089,9.2872,9.4089
1998-04-07,9.4089,9.4089,9.3673,9.3865
1998-04-08,9.3481,9.3481,9.2872,9.3288
1998-04-09,9.2872,9.3673,9.1687,9.3673
1998-04-13,9.4089,9.4473,9.3481,9.3481
1998-04-14,9.4089,9.4890,9.3673,9.3673
1998-04-15,9.3865,9.3865,9.2872,9.2872
1998-04-16,9.2488,9.2488,9.1879,9.2072
1998-04-17,9.1463,9.2264,9.1463,9.2264
1998-04-20,9.2264,9.2264,9.1879,9.2264
1998-04-21,9.4089,10.2480,9.3673,10.2480
1998-04-22,10.3280,10.7283,10.2896,10.7091
1998-04-23,10.7700,10.7700,10.5490,10.6098
1998-04-24,10.6291,10.6675,10.3889,10.4497
1998-04-27,10.3280,10.3280,9.9661,10.0686
1998-04-28,10.1487,10.2480,10.1487,10.1679
1998-04-29,10.1679,10.5682,10.1487,10.5298
1998-04-30,10.5298,10.6291,10.4881,10.4881
1998-05-01,10.5074,10.5490,10.4881,10.4881
1998-05-04,10.5682,10.6899,10.5682,10.6483
1998-05-05,10.6483,10.6483,10.6291,10.6291
1998-05-06,10.6131,10.6356,10.5553,10.5938
1998-05-07,10.5136,10.5938,10.4141,10.4141
1998-05-08,10.3723,10.4333,10.3723,10.4333
1998-05-11,10.4333,10.4750,10.3531,10.4750
1998-05-12,10.4750,10.4750,10.3531,10.4333
1998-05-13,10.4333,10.4526,10.3948,10.4141
1998-05-14,10.4141,10.4141,10.2921,10.2921
1998-05-15,10.2921,10.3145,10.2728,10.3145
1998-05-18,10.2728,10.2728,10.0738,10.1123
1998-05-19,10.0738,10.0738,9.9133,9.9133
1998-05-20,9.9133,9.9325,9.7720,9.7913
1998-05-21,9.7913,9.7913,9.7110,9.7913
1998-05-22,9.7720,9.7720,9.6308,9.6725
1998-05-26,9.6725,9.7913,9.6725,9.7110
1998-05-27,9.7110,9.7110,9.5505,9.6308
1998-05-28,9.6308,9.6308,9.6115,9.6308
1998-05-29,9.6308,9.6308,9.5505,9.5698
1998-06-01,9.5505,9.5505,9.4702,9.4702
1998-06-02,9.4895,9.4895,9.4510,9.4702
1998-06-03,9.4702,9.4702,9.4510,9.4702
1998-06-04,9.4702,9.5120,9.4702,9.5120
1998-06-05,9.5120,9.5120,9.5120,9.5120
1998-06-08,9.5120,9.5698,9.3515,9.4510
1998-06-09,9.4510,9.4510,9.2712,9.2712
1998-06-10,9.2487,9.2487,9.1492,9.1877
1998-06-11,9.1685,9.1909,9.1492,9.1909
1998-06-12,9.1685,9.1909,9.1300,9.1685
1998-06-15,9.1492,9.1909,9.1107,9.1685
1998-06-16,9.1492,9.4317,9.1492,9.3707
1998-06-17,9.4092,9.6115,9.4092,9.6115
1998-06-18,9.6115,9.7110,9.5922,9.6917
1998-06-19,9.6917,9.8330,9.6725,9.6725
1998-06-22,9.6500,9.7720,9.6500,9.7527
1998-06-23,9.7720,9.8715,9.6500,9.6917
1998-06-24,9.7720,9.7720,9.7110,9.7303
1998-06-25,9.6725,9.6917,9.6308,9.6725
1998-06-26,9.6725,9.7527,9.6725,9.7527
1998-06-29,9.7303,9.7527,9.6725,9.7110
1998-06-30,9.6725,9.9518,9.6308,9.9518
1998-07-01,9.9518,9.9518,9.8330,9.8715
1998-07-02,9.8715,9.8715,9.7527,9.7913
1998-07-06,9.7913,9.7913,9.6308,9.7913
1998-07-07,9.7527,9.7913,9.6500,9.7110
1998-07-08,9.7110,9.9518,9.7110,9.9133
1998-07-09,9.8715,9.8908,9.7527,9.8908
1998-07-10,9.8715,10.0320,9.8715,10.0320
1998-07-13,10.0320,10.0738,9.9325,9.9518
1998-07-14,9.8715,9.9935,9.8330,9.9710
1998-07-15,9.9518,10.1316,9.9518,10.1316
1998-07-16,10.1123,10.4333,10.1123,10.4141
1998-07-17,10.4526,10.5553,10.4333,10.4750
1998-07-20,10.4750,10.6741,10.4750,10.6548
1998-07-21,10.6548,10.7158,10.6131,10.6548
1998-07-22,10.6356,10.6548,10.1316,10.1540
1998-07-23,10.1316,10.1925,10.1316,10.1540
1998-07-24,10.2343,10.2728,10.1925,10.2728
1998-07-27,10.2535,10.2535,10.0128,10.0320
1998-07-28,10.0320,10.0320,9.7303,9.7720
1998-07-29,9.7913,9.7913,9.5505,9.5505
1998-07-30,9.5505,9.6115,9.4702,9.5505
1998-07-31,9.6500,9.9325,9.6308,9.7913
1998-08-03,9.7913,9.8715,9.7110,9.7110
1998-08-04,9.7913,9.7913,9.5922,9.5922
1998-08-05,9.6308,9.6308,9.5120,9.5698
1998-08-06,9.5375,9.6566,9.5375,9.5954
1998-08-07,9.6566,9.7982,9.6566,9.7371
1998-08-10,9.7371,9.7789,9.6180,9.7178
1998-08-11,9.6180,9.6180,9.4957,9.5375
1998-08-12,9.6180,9.6180,9.4957,9.6180
1998-08-13,9.5568,9.7371,9.5568,9.7371
1998-08-14,9.7564,9.7789,9.6373,9.6373
1998-08-17,9.6984,9.8980,9.6373,9.8980
1998-08-18,9.9399,9.9785,9.9399,9.9399
1998-08-19,9.9399,9.9592,9.9173,9.9592
1998-08-20,9.9399,9.9785,9.8980,9.9399
1998-08-21,9.9399,9.9399,9.5375,9.6566
1998-08-24,9.6373,9.7564,9.6373,9.7371
1998-08-25,9.7371,9.7371,9.4152,9.4345
1998-08-26,9.4345,9.4345,9.3540,9.3540
1998-08-27,9.3540,9.3540,9.0128,9.0128
1998-08-28,9.0128,9.0128,8.6716,8.6716
1998-08-31,8.6909,8.6909,8.4914,8.4914
1998-09-01,8.4914,8.6298,8.4914,8.6105
1998-09-02,8.6523,8.6716,8.4914,8.5300
1998-09-03,8.5300,8.6523,8.4914,8.6523
1998-09-04,8.6716,8.6716,8.2886,8.3079
1998-09-08,8.3497,8.4495,8.3497,8.4495
1998-09-09,8.4914,8.4914,8.3691,8.3691
1998-09-10,8.3691,8.3884,8.3304,8.3304
1998-09-11,8.3691,8.3691,8.3304,8.3304
1998-09-14,8.3691,8.3691,8.3304,8.3497
1998-09-15,8.3304,8.3691,8.2886,8.3497
1998-09-16,8.3691,8.4527,8.2918,8.2918
1998-09-17,8.3691,8.4527,8.3304,8.3691
1998-09-18,8.4527,8.4527,8.1309,8.3304
1998-09-21,8.3691,8.4077,8.2918,8.4077
1998-09-22,8.4077,8.4914,8.3691,8.4527
1998-09-23,8.4914,8.7746,8.4527,8.6909
1998-09-24,8.6909,8.8519,8.5300,8.8519
1998-09-25,8.7746,8.7746,8.3691,8.5300
1998-09-28,8.5300,8.5300,8.0085,8.0085
1998-09-29,8.0858,8.1309,8.0085,8.0858
1998-09-30,8.0858,8.1309,7.9699,8.1309
1998-10-01,8.1309,8.1309,7.9699,8.0858
1998-10-02,8.0858,8.0858,7.3261,7.4034
1998-10-05,7.4034,7.4034,7.0815,7.2424
1998-10-06,7.2424,7.3261,7.0043,7.0815
1998-10-07,7.0043,7.0043,6.1963,6.5600
1998-10-08,6.4377,7.0815,6.4377,7.0043
1998-10-09,7.1201,7.2038,7.0429,7.1201
1998-10-12,7.2424,7.3261,6.8819,7.0043
1998-10-13,7.0429,7.1652,6.9592,6.9592
1998-10-14,7.0429,7.0429,7.0043,7.0429
1998-10-15,7.0429,7.0815,7.0429,7.0815
1998-10-16,7.1201,7.6030,7.1201,7.5643
1998-10-19,7.5643,8.0085,7.5643,7.8862
1998-10-20,7.8862,8.3691,7.8862,8.1309
1998-10-21,8.1309,8.4527,8.1309,8.3691
1998-10-22,8.3691,8.3691,8.1309,8.1695
1998-10-23,8.2918,8.2918,7.8090,7.9248
1998-10-26,8.0085,8.0085,7.9699,8.0085
1998-10-27,8.2081,8.4527,8.1309,8.2081
1998-10-28,8.0858,8.4914,8.0858,8.4914
1998-10-29,8.4527,9.0128,8.2918,8.9742
1998-10-30,8.8519,8.9742,8.3691,8.7746
1998-11-02,8.6909,8.9356,8.6909,8.9356
1998-11-03,8.8905,8.8905,8.5300,8.5686
1998-11-04,8.6137,8.6137,8.3691,8.3691
1998-11-05,8.2467,8.2467,8.0085,8.0085
1998-11-06,7.9998,7.9998,7.7542,7.7542
1998-11-09,7.6767,7.7542,7.6767,7.6767
1998-11-10,7.7155,7.7155,7.1921,7.4699
1998-11-11,7.3924,7.5152,7.1468,7.2308
1998-11-12,7.2308,7.2308,7.0693,7.1921
1998-11-13,7.2696,7.3536,7.2308,7.2696
1998-11-16,7.2696,7.4312,6.9465,7.0693
1998-11-17,7.0693,7.1921,7.0693,7.1081
1998-11-18,7.1081,7.3536,7.0693,7.3536
1998-11-19,7.4312,7.4699,7.3084,7.3084
1998-11-20,7.3084,7.3536,7.1468,7.2308
1998-11-23,7.3924,7.4312,7.1468,7.1921
1998-11-24,7.1921,7.2696,7.1081,7.1468
1998-11-25,7.2308,7.4312,7.1856,7.3924
1998-11-27,7.4312,7.4312,7.3084,7.3084
1998-11-30,7.3924,7.3924,7.1081,7.1081
1998-12-01,7.1921,7.1921,7.1081,7.1921
1998-12-02,7.2308,7.3536,7.1468,7.2696
1998-12-03,7.3084,7.3536,7.1081,7.1468
1998-12-04,7.1468,7.3084,7.1468,7.2696
1998-12-07,7.2696,7.3536,7.1081,7.1468
1998-12-08,7.1921,7.1921,6.7850,6.7850
1998-12-09,6.7850,7.3924,6.7850,7.3536
1998-12-10,7.4312,7.4312,7.2308,7.3536
1998-12-11,7.4312,7.4312,7.2696,7.3536
1998-12-14,7.2696,7.3536,7.1468,7.3084
1998-12-15,7.3084,7.3536,6.9465,7.1081
1998-12-16,7.2696,7.2696,6.9077,7.1081
1998-12-17,7.1921,7.1921,6.7850,7.0305
1998-12-18,7.1081,7.3084,7.1081,7.1081
1998-12-21,7.1921,7.4699,7.1081,7.4699
1998-12-22,7.5927,7.8770,7.5927,7.7930
1998-12-23,7.8383,7.9158,7.7542,7.8383
1998-12-24,7.8770,7.9158,7.7542,7.8770
1998-12-28,7.8383,7.9158,7.5927,7.7155
1998-12-29,7.7542,7.9546,7.6315,7.9546
1998-12-30,7.9546,7.9546,7.8383,7.8770
1998-12-31,7.7930,7.8770,7.5927,7.7930
1999-01-04,7.7930,7.9158,7.7930,7.9158
1999-01-05,7.9158,8.1613,7.9158,8.1161
1999-01-06,8.1613,8.2001,8.0386,8.0386
1999-01-07,8.1161,8.4392,8.0773,8.4392
1999-01-08,8.4392,8.6848,8.3617,8.5620
1999-01-11,8.6008,9.0466,8.5232,8.9691
1999-01-12,9.0079,9.0079,8.4004,8.5232
1999-01-13,8.3229,8.8075,8.3229,8.7623
1999-01-14,8.7623,8.8075,8.5620,8.7235
1999-01-15,8.6460,8.7623,8.5620,8.7623
1999-01-19,8.8075,8.8463,8.6460,8.7623
1999-01-20,8.8463,8.9238,8.4844,8.9238
1999-01-21,8.8075,8.8463,8.7235,8.8463
1999-01-22,8.7623,9.0466,8.7235,8.8851
1999-01-25,8.8851,8.8851,8.5620,8.7623
1999-01-26,8.8463,8.8851,8.5620,8.8851
1999-01-27,8.8463,9.0079,8.7623,8.8075
1999-01-28,8.8075,9.0079,8.6460,8.6848
1999-01-29,8.6848,8.8075,8.4844,8.8075
1999-02-01,8.7235,8.8463,8.7235,8.7623
1999-02-02,8.8075,8.8463,8.5232,8.6460
1999-02-03,8.5620,8.7235,8.4844,8.6460
1999-02-04,8.5620,8.5620,8.3229,8.3617
1999-02-05,8.4004,8.4004,8.2389,8.2389
1999-02-08,8.2288,8.3909,8.1899,8.3520
1999-02-09,8.4298,8.4298,8.2677,8.3520
1999-02-10,8.3520,8.5141,7.9435,7.9824
1999-02-11,8.0667,8.3909,7.9824,8.3909
1999-02-12,8.4687,8.4687,8.2677,8.4298
1999-02-16,8.3520,8.5141,8.3520,8.4298
1999-02-17,8.3909,8.3909,7.9435,8.1056
1999-02-18,8.1056,8.1445,7.8656,8.1445
1999-02-19,8.1445,8.1899,8.0667,8.1899
1999-02-22,8.1899,8.2288,7.8656,8.1056
1999-02-23,8.1899,8.1899,7.8656,8.0667
1999-02-24,8.1445,8.4298,8.1056,8.1056
1999-02-25,8.1445,9.4025,8.0277,9.1171
1999-02-26,9.2014,9.2014,8.7540,9.1625
1999-03-01,9.2403,9.4025,9.1625,9.3635
1999-03-02,9.3635,9.4025,8.9161,8.9550
1999-03-03,9.0393,9.0393,8.1899,8.3909
1999-03-04,8.3066,8.7929,8.1899,8.7929
1999-03-05,8.8383,9.1171,8.7929,8.9161
1999-03-08,8.9161,8.9161,8.5141,8.5919
1999-03-09,8.6308,9.5646,8.5919,9.4414
1999-03-10,9.4025,9.4025,9.0782,9.2403
1999-03-11,9.2403,9.2403,9.0782,9.2014
1999-03-12,9.2403,9.3246,9.1171,9.1625
1999-03-15,9.1171,9.2014,9.0393,9.2014
1999-03-16,9.1625,9.2792,9.0782,9.1171
1999-03-17,9.0782,9.2014,9.0782,9.1171
1999-03-18,9.0782,9.2014,9.0782,9.1171
1999-03-19,9.1171,9.2792,9.1171,9.2403
1999-03-22,9.2014,9.5646,9.2014,9.4025
1999-03-23,9.4025,9.4025,9.2014,9.2792
1999-03-24,9.3635,9.3635,9.1366,9.2403
1999-03-25,9.3246,9.3246,9.2403,9.2792
1999-03-26,9.3246,9.6489,9.3246,9.5646
1999-03-29,9.6489,9.6878,9.4414,9.6878
1999-03-30,9.6035,9.7656,9.5257,9.6489
1999-03-31,9.5646,10.0509,9.4868,10.0509
1999-04-01,10.0509,10.0509,9.7656,9.9277
1999-04-05,9.9277,9.9731,9.7656,9.8110
1999-04-06,9.7267,9.8888,9.5646,9.8888
1999-04-07,9.8888,9.8888,9.6489,9.7267
1999-04-08,9.7267,9.7267,9.5646,9.6489
1999-04-09,9.5646,9.9731,9.4868,9.9731
1999-04-12,9.8110,10.5372,9.7656,10.3751
1999-04-13,10.3751,10.5372,10.0898,10.0898
1999-04-14,10.0898,10.3751,10.0898,10.2130
1999-04-15,10.3751,10.3751,10.1741,10.1741
1999-04-16,10.1741,10.3751,10.0898,10.2519
1999-04-19,10.2130,10.5761,10.0898,10.1352
1999-04-20,10.1741,10.1741,9.9277,9.9731
1999-04-21,10.0120,10.5761,9.9731,10.5761
1999-04-22,10.5761,10.5761,10.2519,10.2973
1999-04-23,10.4140,10.4140,9.9731,10.2519
1999-04-26,10.2519,10.2973,10.1352,10.2519
1999-04-27,10.3362,10.3751,10.1352,10.3751
1999-04-28,10.2973,11.1857,10.2130,11.0625
1999-04-29,11.1468,11.5099,10.9004,11.2246
1999-04-30,11.1857,11.2246,10.7836,10.8225
1999-05-03,10.8225,10.9847,10.8225,10.8225
1999-05-04,10.8615,10.8615,10.3751,10.6993
1999-05-05,10.6993,10.7383,10.5372,10.5372
1999-05-06,10.5660,10.9301,10.4879,10.7285
1999-05-07,10.7285,10.8521,10.5270,10.7285
1999-05-10,10.7285,11.1382,10.7285,10.7285
1999-05-11,11.0926,13.0043,11.0926,12.3931
1999-05-12,12.5556,12.9262,12.0680,12.4386
1999-05-13,12.6011,13.2514,12.3931,12.3931
1999-05-14,12.2760,12.3541,12.1135,12.3541
1999-05-17,12.3931,12.4386,12.1915,12.2760
1999-05-18,12.2760,12.2760,11.3787,11.6648
1999-05-19,11.5803,11.9899,11.5803,11.9054
1999-05-20,11.9899,12.2305,11.8664,12.2305
1999-05-21,12.2760,12.3541,11.8664,12.2760
1999-05-24,12.3931,12.4776,12.3541,12.4386
1999-05-25,12.3541,12.3931,12.1525,12.3931
1999-05-26,12.3541,12.5166,12.2760,12.4386
1999-05-27,12.3931,12.4386,12.1135,12.1135
1999-05-28,12.1915,12.4776,12.1915,12.3931
1999-06-01,12.3931,12.3931,11.7038,12.1915
1999-06-02,12.2305,12.2305,11.7038,12.0290
1999-06-03,12.1135,12.3931,11.9509,12.3931
1999-06-04,12.2760,12.5166,12.2760,12.4386
1999-06-07,12.5166,12.6402,12.5166,12.6402
1999-06-08,12.6402,12.7637,12.3931,12.5166
1999-06-09,12.5556,12.5556,12.3931,12.3931
1999-06-10,12.3541,12.3541,12.0290,12.0680
1999-06-11,11.9899,11.9899,10.9756,11.3787
1999-06-14,11.5023,11.6258,11.3787,11.3787
1999-06-15,11.3787,11.3787,11.0146,11.1772
1999-06-16,11.1382,11.3787,11.1382,11.3007
1999-06-17,11.1382,11.5023,11.1382,11.3787
1999-06-18,11.4178,11.4178,11.0146,11.0536
1999-06-21,11.0536,11.5023,11.0536,11.3787
1999-06-22,11.3787,11.3787,10.9756,11.0536
1999-06-23,10.9756,10.9756,10.6505,10.9756
1999-06-24,11.1382,11.1772,10.7285,11.1382
1999-06-25,11.1382,11.2162,10.9301,11.0536
1999-06-28,11.1382,11.3787,10.9756,11.1382
1999-06-29,11.2162,11.3787,11.2162,11.3397
1999-06-30,11.2162,11.5023,10.7285,11.5023
1999-07-01,11.5413,11.7038,11.5023,11.6648
1999-07-02,11.7038,11.8664,11.4178,11.6648
1999-07-06,11.5803,11.7038,11.5413,11.5803
1999-07-07,11.5413,11.6648,11.3397,11.6648
1999-07-08,11.5023,11.6258,11.3007,11.4178
1999-07-09,11.4178,11.4178,11.3397,11.4178
1999-07-12,11.4178,11.5413,11.3007,11.5413
1999-07-13,11.4633,11.4633,11.3007,11.3787
1999-07-14,11.2162,11.3397,11.0536,11.1382
1999-07-15,11.2162,11.2162,10.9756,11.2162
1999-07-16,11.0926,11.1382,10.9301,11.1382
1999-07-19,11.0536,11.0926,10.8521,10.9756
1999-07-20,10.8131,10.8911,10.6505,10.6895
1999-07-21,10.6505,11.0536,10.5660,10.8131
1999-07-22,10.7285,10.9756,10.7285,10.8911
1999-07-23,10.7675,11.0146,10.6895,11.0146
1999-07-26,10.9756,11.0536,10.6505,10.6895
1999-07-27,10.6050,10.6505,10.0783,10.2409
1999-07-28,10.2409,10.3644,10.1628,10.1628
1999-07-29,10.2799,11.0146,10.2409,10.6505
1999-07-30,10.6505,10.6505,10.4034,10.5270
1999-08-02,10.4879,10.4879,10.2799,10.4424
1999-08-03,10.4034,10.5270,10.1173,10.4424
1999-08-04,10.3644,10.4424,10.3254,10.4424
1999-08-05,10.4034,10.4034,10.1173,10.1628
1999-08-06,10.1079,10.1079,9.9449,9.9840
1999-08-09,9.9840,10.0688,9.9449,9.9449
1999-08-10,9.9449,9.9449,9.4167,9.6580
1999-08-11,9.6188,9.7427,9.3776,9.7427
1999-08-12,9.7427,9.8210,9.3776,9.6188
1999-08-13,9.7036,9.7036,9.4558,9.4949
1999-08-16,9.4558,9.4558,9.1297,9.1297
1999-08-17,9.1297,9.2536,9.0906,9.2145
1999-08-18,9.1297,9.2145,8.8037,8.8037
1999-08-19,8.8885,9.6580,8.8885,9.6580
1999-08-20,9.6580,9.9449,9.5797,9.8210
1999-08-23,9.9058,9.9058,9.6188,9.6188
1999-08-24,9.4558,9.5406,9.3776,9.5406
1999-08-25,9.5406,9.7036,9.3319,9.7036
1999-08-26,9.6580,9.7427,9.4949,9.5797
1999-08-27,9.4949,9.7427,9.4558,9.5406
1999-08-30,9.5406,9.7427,9.4558,9.5406
1999-08-31,9.5797,9.6188,9.3776,9.5406
1999-09-01,9.6188,9.9449,9.6188,9.7427
1999-09-02,9.7819,9.7819,9.5406,9.5406
1999-09-03,9.6188,9.7819,9.5406,9.7819
1999-09-07,9.7819,9.7819,9.6580,9.7036
1999-09-08,9.6188,9.6188,9.4558,9.5406
1999-09-09,9.4558,9.7819,9.3776,9.7819
1999-09-10,9.7819,9.7819,9.4558,9.6188
1999-09-13,9.7036,9.7427,9.4558,9.5406
1999-09-14,9.4558,9.6188,9.4167,9.4558
1999-09-15,9.5406,9.7427,9.5406,9.7427
1999-09-16,9.7819,9.8210,9.4558,9.7819
1999-09-17,9.7036,9.8210,9.6188,9.6188
1999-09-20,8.9667,9.3776,8.9667,9.3776
1999-09-21,9.3319,9.4558,9.3319,9.4558
1999-09-22,9.4558,9.4558,9.1297,9.2536
1999-09-23,9.2536,9.2928,8.8885,9.0515
1999-09-24,9.0515,9.1297,9.0515,9.0515
1999-09-27,9.0906,9.1689,9.0058,9.1689
1999-09-28,9.2145,9.2145,9.0906,9.1689
1999-09-29,9.1297,9.1689,9.0515,9.1297
1999-09-30,9.0515,9.1689,8.9276,9.0515
1999-10-01,9.1297,9.1297,8.7254,8.8885
1999-10-04,8.9667,8.9667,8.8037,8.8885
1999-10-05,8.9667,9.2145,8.9667,9.1297
1999-10-06,9.2928,9.3776,9.1689,9.2928
1999-10-07,9.2145,9.2928,8.8037,9.0515
1999-10-08,9.0058,9.1297,9.0058,9.1297
1999-10-11,9.1297,9.1689,9.0058,9.1297
1999-10-12,9.1689,9.2928,9.0906,9.2145
1999-10-13,9.2145,9.4558,9.2145,9.2928
1999-10-14,9.2928,9.4558,9.2928,9.2928
1999-10-15,9.3776,9.3776,9.1689,9.3776
1999-10-18,9.2928,9.4167,9.2536,9.3776
1999-10-19,9.3776,9.3776,9.2145,9.2145
1999-10-20,9.2145,9.2145,8.9667,8.9667
1999-10-21,8.9667,9.1297,8.8885,9.0515
1999-10-22,9.1297,9.7427,9.0515,9.4558
1999-10-25,9.5406,9.6188,9.3776,9.6188
1999-10-26,9.7036,10.4340,9.7036,10.4340
1999-10-27,10.3949,10.3949,10.1079,10.3557
1999-10-28,10.2710,10.5579,10.2710,10.3949
1999-10-29,10.3949,10.4340,10.3557,10.3557
1999-11-01,10.4340,10.4731,10.3101,10.3949
1999-11-02,10.4731,11.0861,10.3949,11.0861
1999-11-03,11.0861,11.6143,11.0861,11.5361
1999-11-04,11.5361,11.5361,10.9231,11.0079
1999-11-05,10.8448,10.8448,10.0688,10.3557
1999-11-08,10.3853,10.4246,10.1368,10.3003
1999-11-09,10.3003,10.6273,10.3003,10.5488
1999-11-10,11.1178,12.2230,10.8758,11.0786
1999-11-11,11.0393,11.1178,10.8758,10.9935
1999-11-12,10.9543,11.4448,10.8758,11.1178
1999-11-15,10.9543,11.0786,10.7123,11.0786
1999-11-16,11.0393,11.0393,10.7123,10.8300
1999-11-17,10.9151,10.9543,10.6665,10.8758
1999-11-18,10.8300,11.0786,10.4638,11.0393
1999-11-19,10.9543,11.2813,10.9543,11.2028
1999-11-22,11.2028,11.7718,11.1178,11.5690
1999-11-23,11.4840,11.6083,11.4055,11.4055
1999-11-24,11.4055,11.6933,11.4055,11.5298
1999-11-26,11.5298,11.7325,11.5298,11.7325
1999-11-29,11.7325,11.8568,11.6933,11.6933
1999-11-30,11.7718,11.8568,11.6475,11.8568
1999-12-01,11.8110,12.2623,11.7718,12.0595
1999-12-02,12.1380,12.1838,11.8568,12.0988
1999-12-03,12.1838,12.3473,11.7325,11.7325
1999-12-06,11.7325,11.8960,11.6083,11.7718
1999-12-07,11.7718,11.7718,11.6083,11.7718
1999-12-08,11.6083,11.8568,11.6083,11.8568
1999-12-09,11.7718,11.9353,11.6083,11.8960
1999-12-10,11.8110,11.8960,11.7325,11.7325
1999-12-13,11.7325,13.0798,11.6475,13.0798
1999-12-14,12.9163,12.9163,12.3015,12.4258
1999-12-15,12.2623,12.3015,12.1380,12.1380
1999-12-16,12.1838,12.1838,12.0595,12.0595
1999-12-17,12.0203,12.1380,11.9745,12.0988
1999-12-20,12.1838,12.3865,12.0203,12.2623
1999-12-21,12.2623,12.2623,11.8568,12.0988
1999-12-22,12.0203,12.1838,11.9745,12.0988
1999-12-23,12.1380,12.1380,11.9353,12.0988
1999-12-27,12.1838,12.2623,12.0988,12.1838
1999-12-28,12.0988,12.2623,11.9745,11.9745
1999-12-29,12.1380,12.7920,12.1380,12.5108
1999-12-30,12.6285,12.6743,12.3473,12.3865
1999-12-31,12.3865,12.3865,12.1380,12.2623
2000-01-03,12.3473,12.3473,11.3205,11.6475
2000-01-04,11.5690,11.5690,10.9543,11.0393
2000-01-05,11.2028,11.2028,10.9543,11.0786
2000-01-06,11.0786,11.1178,10.9935,11.0393
2000-01-07,10.9543,11.0786,10.9151,10.9151
2000-01-10,10.9935,11.1570,10.8758,11.0786
2000-01-11,11.2421,11.4055,10.9543,10.9543
2000-01-12,10.9543,11.1570,10.8758,11.0393
2000-01-13,11.0786,11.1178,10.9151,10.9151
2000-01-14,10.9151,11.2028,10.9151,11.2028
2000-01-18,11.2813,11.2813,11.0786,11.2421
2000-01-19,11.2813,11.2813,11.0786,11.1178
2000-01-20,11.0786,11.1570,10.6665,10.6665
2000-01-21,10.5881,10.6665,10.3003,10.5881
2000-01-24,10.6665,10.7123,10.1368,10.1761
2000-01-25,10.1761,10.3003,10.1761,10.3003
2000-01-26,10.4638,10.5488,10.3853,10.5488
2000-01-27,10.4638,10.5488,10.3853,10.3853
2000-01-28,10.5488,10.5488,10.1368,10.3003
2000-01-31,10.2218,10.2611,9.8948,9.8948
2000-02-01,9.9341,10.0126,9.8098,9.8098
2000-02-02,9.8098,9.9733,9.7313,9.8491
2000-02-03,9.9341,10.2218,9.8948,10.2218
2000-02-04,10.3003,10.3003,10.1368,10.2218
2000-02-07,10.3003,10.3003,10.1761,10.2218
2000-02-08,10.2910,10.2910,10.1270,10.1270
2000-02-09,10.0417,10.1270,10.0024,10.0024
2000-02-10,9.8778,10.1664,9.7597,10.1664
2000-02-11,10.0024,10.1270,9.3858,9.7138
2000-02-14,9.8778,10.0876,9.8778,10.0417
2000-02-15,10.0417,10.0417,9.9630,10.0024
2000-02-16,9.9630,10.0417,9.7597,9.8384
2000-02-17,9.8384,9.8778,9.6744,9.7991
2000-02-18,9.7138,9.7991,9.5105,9.5498
2000-02-22,9.7138,9.7138,9.1825,9.2678
2000-02-23,9.1825,9.4318,9.1825,9.3465
2000-02-24,9.3858,9.4318,9.3465,9.4318
2000-02-25,9.4711,9.4711,9.2678,9.2678
2000-02-28,9.3465,9.4318,9.1825,9.2678
2000-02-29,9.1825,9.3858,9.1038,9.3071
2000-03-01,9.1825,9.3071,9.1825,9.2219
2000-03-02,9.1825,9.2678,9.0185,9.0185
2000-03-03,9.0185,9.1038,8.1987,8.3233
2000-03-06,8.4479,8.6119,8.4020,8.4479
2000-03-07,8.5266,8.5660,8.2380,8.3233
2000-03-08,8.2380,8.3626,7.7461,8.1200
2000-03-09,8.0347,8.0741,7.5428,7.5821
2000-03-10,7.7068,7.9560,7.7068,7.7920
2000-03-13,7.8314,8.1200,7.7068,7.8707
2000-03-14,7.8707,7.8707,7.6280,7.8314
2000-03-15,7.8707,7.8707,7.5428,7.6280
2000-03-16,7.7068,7.9101,7.6674,7.8707
2000-03-17,7.7920,7.9101,7.6280,7.6280
2000-03-20,7.6280,7.6280,7.4182,7.5428
2000-03-21,7.6280,7.6280,7.2542,7.2542
2000-03-22,7.4182,7.5821,7.3788,7.5428
2000-03-23,7.5428,7.5428,7.3001,7.4182
2000-03-24,7.3788,7.4641,7.3788,7.4641
2000-03-27,7.4182,7.7461,7.3788,7.7068
2000-03-28,7.7920,8.1200,7.7068,8.0347
2000-03-29,8.0347,8.1593,7.8707,7.9101
2000-03-30,7.9101,8.0347,7.7920,8.0347
2000-03-31,7.9101,8.3626,7.9101,8.3626
2000-04-03,8.4479,8.8152,8.4479,8.6906
2000-04-04,8.7759,8.8152,7.7920,8.4479
2000-04-05,8.4873,8.8546,8.2380,8.7759
2000-04-06,8.8546,9.0185,8.7299,8.7759
2000-04-07,8.8546,9.0185,8.8546,9.0185
2000-04-10,9.0185,9.0579,8.7759,8.7759
2000-04-11,8.8546,8.8546,8.3233,8.4479
2000-04-12,8.4873,8.4873,8.3233,8.3233
2000-04-13,8.3233,8.4873,8.2380,8.4873
2000-04-14,8.4873,8.4873,7.7068,7.8707
2000-04-17,7.7068,7.8707,7.1755,7.8707
2000-04-18,7.9101,8.1593,7.6674,8.1200
2000-04-19,8.0347,8.1987,7.8314,8.1987
2000-04-20,8.1200,8.1987,7.9101,8.1593
2000-04-24,8.0741,8.0741,7.5821,7.7461
2000-04-25,7.7461,7.9560,7.7461,7.8707
2000-04-26,7.8707,8.3233,7.8707,8.2839
2000-04-27,8.1987,8.1987,8.0347,8.1593
2000-04-28,8.1200,8.1593,7.8707,8.0347
2000-05-01,8.1200,8.1200,7.8314,7.9101
2000-05-02,7.7920,7.8707,7.6674,7.8707
2000-05-03,7.8314,7.8707,7.7461,7.7920
2000-05-04,7.7920,7.7920,7.6674,7.6674
2000-05-05,7.6280,7.6280,7.3788,7.4182
2000-05-08,7.5328,7.6118,7.2826,7.5723
2000-05-09,7.6579,7.6579,7.5723,7.6118
2000-05-10,7.6118,7.6579,7.5723,7.5723
2000-05-11,7.5328,7.6118,7.4472,7.6118
2000-05-12,7.5723,7.8225,7.5723,7.6579
2000-05-15,7.5723,7.5723,7.4077,7.4472
2000-05-16,7.4933,7.6579,7.2826,7.4933
2000-05-17,7.4933,7.7369,7.4472,7.6974
2000-05-18,7.7369,7.8225,7.6579,7.6974
2000-05-19,7.6118,7.8225,7.5723,7.6579
2000-05-22,7.5723,7.5723,7.2431,7.3682
2000-05-23,7.4472,7.8620,7.4077,7.6974
2000-05-24,7.6974,7.8225,7.5328,7.6118
2000-05-25,7.6974,8.0661,7.6974,7.7764
2000-05-26,7.8225,7.8225,7.4933,7.6118
2000-05-30,7.9015,8.1056,7.7369,7.9410
2000-05-31,7.9871,8.0266,7.7764,7.8620
2000-06-01,7.8620,7.9015,7.7764,7.8225
2000-06-02,7.9015,7.9015,7.7764,7.9015
2000-06-05,7.9015,8.5600,7.8225,8.5205
2000-06-06,8.4349,8.6456,8.2308,8.6456
2000-06-07,8.5995,8.5995,8.3164,8.3559
2000-06-08,8.4349,8.4349,8.2703,8.3559
2000-06-09,8.2703,8.3954,7.9015,8.3954
2000-06-12,8.3954,8.4810,8.1517,8.2308
2000-06-13,8.2308,8.2308,7.9410,7.9871
2000-06-14,8.0661,8.1517,7.9015,8.0661
2000-06-15,7.9871,8.0266,7.8225,8.0266
2000-06-16,8.0266,8.1517,7.9871,8.0661
2000-06-19,8.0661,8.1912,7.9015,8.0266
2000-06-20,8.0266,8.1056,7.9410,7.9871
2000-06-21,7.9871,8.1056,7.9410,7.9871
2000-06-22,8.0661,8.1517,8.0266,8.1056
2000-06-23,8.1056,8.1056,7.9871,7.9871
2000-06-26,8.0266,8.1517,8.0266,8.0661
2000-06-27,8.1056,8.1517,8.0266,8.0661
2000-06-28,8.1056,8.1517,8.0661,8.1056
2000-06-29,8.1912,8.1912,8.0661,8.0661
2000-06-30,8.1056,9.2184,8.0661,9.2184
2000-07-03,9.0538,9.0538,8.7246,8.8102
2000-07-05,8.8892,9.0143,8.7246,8.8497
2000-07-06,8.8497,8.8892,8.5600,8.8892
2000-07-07,8.8892,9.0538,8.8102,9.0538
2000-07-10,8.9748,8.9748,8.6456,8.6456
2000-07-11,8.7246,8.7246,8.3954,8.5600
2000-07-12,8.5205,8.7246,8.3954,8.5205
2000-07-13,8.5600,8.5995,8.3559,8.3559
2000-07-14,8.2703,8.3164,8.1056,8.2308
2000-07-17,8.3164,8.5205,8.1056,8.1056
2000-07-18,7.4933,7.9410,7.4933,7.6579
2000-07-19,7.6118,7.7764,7.4077,7.5723
2000-07-20,7.6579,7.6579,7.4472,7.6118
2000-07-21,7.6118,7.6118,7.4933,7.4933
2000-07-24,7.5723,7.8225,7.5723,7.8225
2000-07-25,7.8225,7.8225,7.5328,7.6974
2000-07-26,7.7764,7.7764,7.6118,7.6974
2000-07-27,7.6118,7.6579,7.4077,7.4933
2000-07-28,7.4472,7.5723,7.4077,7.4933
2000-07-31,7.5723,7.5723,7.4077,7.5723
2000-08-01,7.6118,7.6118,7.4472,7.4933
2000-08-02,7.4472,7.5723,7.4077,7.5723
2000-08-03,7.5328,7.5723,7.2431,7.2431
2000-08-04,7.3287,7.5723,7.2431,7.4077
2000-08-07,7.2431,7.3682,7.1641,7.3682
2000-08-08,7.4382,7.4778,7.2332,7.2332
2000-08-09,7.3125,7.3985,6.6117,6.9423
2000-08-10,7.0282,7.0679,6.6117,6.7770
2000-08-11,6.8167,6.8629,6.6514,6.8167
2000-08-14,6.8365,6.9026,6.6514,6.6976
2000-08-15,6.6514,6.9026,6.6514,6.9026
2000-08-16,6.9026,6.9423,6.8629,6.9423
2000-08-17,7.0679,7.1076,6.8629,7.1076
2000-08-18,7.0679,7.0679,6.9026,6.9026
2000-08-21,6.8629,6.9423,6.8629,6.9423
2000-08-22,6.9026,7.0679,6.9026,6.9423
2000-08-23,6.9423,6.9423,6.7373,6.7373
2000-08-24,6.7770,6.8629,6.6514,6.7770
2000-08-25,6.6976,6.7373,6.5707,6.6117
2000-08-28,6.6117,6.7770,6.6117,6.6514
2000-08-29,6.6514,6.7770,6.6117,6.6117
2000-08-30,6.6117,6.6976,6.6117,6.6117
2000-08-31,6.6514,6.7373,6.6514,6.6514
2000-09-01,6.6514,6.7373,6.6117,6.7373
2000-09-05,6.7373,6.7373,6.5707,6.7373
2000-09-06,6.6976,7.1935,6.5290,6.6117
2000-09-07,6.6976,6.8629,6.6976,6.7373
2000-09-08,6.8167,6.8629,6.7770,6.7770
2000-09-11,6.6976,6.7373,6.5290,6.5290
2000-09-12,6.8167,7.0282,6.8167,6.8629
2000-09-13,6.9819,7.0282,6.7373,6.9819
2000-09-14,6.9819,7.0282,6.8167,6.9423
2000-09-15,6.8629,6.9819,6.8167,6.9026
2000-09-18,6.8629,6.9819,6.8167,6.9423
2000-09-19,6.8629,6.9819,6.8629,6.9819
2000-09-20,6.9819,7.0282,6.9026,7.0282
2000-09-21,7.1076,7.1472,7.0282,7.1472
2000-09-22,7.1935,7.4382,7.1076,7.4382
2000-09-25,7.4382,7.6034,7.3125,7.5638
2000-09-26,7.3588,7.6034,7.3588,7.6034
2000-09-27,7.6034,7.6894,7.4778,7.4778
2000-09-28,7.5638,7.8547,7.5638,7.8547
2000-09-29,7.8084,8.8861,7.6431,8.8861
2000-10-02,8.8002,8.8002,8.2646,8.5159
2000-10-03,8.5159,8.5952,8.0200,8.4696
2000-10-04,8.4696,8.4696,8.2646,8.3902
2000-10-05,8.3043,8.3506,8.0993,8.2249
2000-10-06,8.2249,8.2249,7.6034,7.6034
2000-10-09,7.5241,7.5241,7.2729,7.3588
2000-10-10,7.3588,7.4778,7.3588,7.3588
2000-10-11,7.3125,7.3125,7.2729,7.2729
2000-10-12,7.3125,7.3125,6.9423,7.0282
2000-10-13,6.9819,7.0282,6.8629,6.9423
2000-10-16,6.9423,7.0679,6.8629,7.0282
2000-10-17,7.1076,7.2332,7.0282,7.1076
2000-10-18,7.0282,7.0282,6.8629,6.9423
2000-10-19,7.0679,7.2729,7.0282,7.0679
2000-10-20,7.1472,7.2332,7.0282,7.2332
2000-10-23,7.1935,7.3588,7.1076,7.3588
2000-10-24,7.4382,7.7291,7.4382,7.6894
2000-10-25,7.7687,7.8547,7.6034,7.6034
2000-10-26,7.6034,7.6034,7.3125,7.3985
2000-10-27,7.3588,7.4382,7.2729,7.2729
2000-10-30,7.2729,7.6034,7.2729,7.5241
2000-10-31,7.4778,7.7687,7.4382,7.7687
2000-11-01,7.7291,7.7291,7.3985,7.3985
2000-11-02,7.3985,7.5638,7.3985,7.5638
2000-11-03,7.5638,7.5638,7.3985,7.4382
2000-11-06,7.4382,7.6034,7.2729,7.6034
2000-11-07,7.5638,7.5638,7.3985,7.5241
2000-11-08,7.5537,7.6732,7.5072,7.5935
2000-11-09,7.5072,7.5935,7.3015,7.3878
2000-11-10,7.3413,7.4674,7.3015,7.4276
2000-11-13,7.3413,7.4276,7.2616,7.3413
2000-11-14,7.3413,7.3878,7.2218,7.3878
2000-11-15,7.3413,7.3878,7.2616,7.2616
2000-11-16,7.3413,7.3878,7.3015,7.3413
2000-11-17,7.4276,7.4276,7.3015,7.4276
2000-11-20,7.3878,7.4674,7.3015,7.3878
2000-11-21,7.4674,7.5537,7.3015,7.5537
2000-11-22,7.4674,7.4674,7.3015,7.3015
2000-11-24,7.3413,7.4276,7.3413,7.3878
2000-11-27,7.4674,7.5935,7.4276,7.5935
2000-11-28,7.6334,7.6334,7.5935,7.5935
2000-11-29,7.5935,7.5935,7.4276,7.5072
2000-11-30,7.5072,7.7993,7.3015,7.7993
2000-12-01,7.8856,7.8856,7.4276,7.5935
2000-12-04,7.5072,7.5935,7.3015,7.4276
2000-12-05,7.4674,7.6334,7.4276,7.6334
2000-12-06,7.7196,7.7595,7.6334,7.6334
2000-12-07,7.7196,7.7595,7.5072,7.5935
2000-12-08,7.6334,7.7993,7.5935,7.7993
2000-12-11,7.7993,7.8391,7.6334,7.8391
2000-12-12,7.7595,7.7993,7.5537,7.5537
2000-12-13,7.6334,7.6334,7.5537,7.5935
2000-12-14,7.5537,7.5537,7.3878,7.5072
2000-12-15,7.4276,7.5935,7.3878,7.5935
2000-12-18,7.5537,7.5537,7.3878,7.3878
2000-12-19,7.3878,7.5537,7.3413,7.5537
2000-12-20,7.5537,7.6334,7.3413,7.5537
2000-12-21,7.4276,7.4276,7.3015,7.3878
2000-12-22,7.3878,7.4276,7.3015,7.3878
2000-12-26,7.3413,7.3413,7.3015,7.3413
2000-12-27,7.3015,7.3878,7.3015,7.3878
2000-12-28,7.3413,7.5537,7.3015,7.5537
2000-12-29,7.5072,7.5537,7.3015,7.4276
2001-01-02,7.3413,7.4276,7.3015,7.3878
2001-01-03,7.3015,7.5935,7.3015,7.5935
2001-01-04,7.5935,7.5935,7.3878,7.4674
2001-01-05,7.4674,7.4674,7.3015,7.4674
2001-01-08,7.4674,7.5537,7.3878,7.3878
2001-01-09,7.3878,7.4276,7.3015,7.3015
2001-01-10,7.3015,7.3413,7.0559,7.0559
2001-01-11,7.0559,7.1355,7.0094,7.0094
2001-01-12,7.0094,7.1355,6.9696,7.0957
2001-01-16,7.1754,7.1754,7.0559,7.1355
2001-01-17,7.0559,7.2218,6.8899,6.9696
2001-01-18,7.0559,7.1355,7.0094,7.1355
2001-01-19,7.0957,7.2218,6.9696,7.1754
2001-01-22,7.1754,7.1754,7.0957,7.1754
2001-01-23,7.1355,7.2616,7.0559,7.2616
2001-01-24,7.2616,7.4674,7.2616,7.3878
2001-01-25,7.4674,7.6334,7.4674,7.5935
2001-01-26,7.5537,7.6334,7.4674,7.4674
2001-01-29,7.5338,8.1113,7.5072,8.1113
2001-01-30,8.0980,8.1644,7.8192,7.9586
2001-01-31,7.9320,8.1577,7.9320,8.1312
2001-02-01,8.1312,8.1312,7.6665,7.6665
2001-02-02,7.7329,8.0515,7.6665,8.0515
2001-02-05,8.0914,8.0914,7.9652,8.0316
2001-02-06,7.9984,8.0316,7.9652,7.9918
2001-02-07,7.9620,7.9953,7.8953,7.9486
2001-02-08,7.9620,7.9620,7.8620,7.9220
2001-02-09,7.8953,7.9953,7.8620,7.8953
2001-02-12,7.9620,7.9953,7.8620,7.9153
2001-02-13,7.9820,8.3617,7.9620,8.3617
2001-02-14,8.3284,8.3284,8.1952,8.2485
2001-02-15,8.1818,8.2418,8.0819,8.2418
2001-02-16,8.1952,8.1952,8.0552,8.0552
2001-02-20,8.0952,8.1285,8.0486,8.0952
2001-02-21,8.0952,8.1619,8.0219,8.1419
2001-02-22,8.1419,8.1952,8.1419,8.1619
2001-02-23,8.1619,8.1952,7.9886,8.1818
2001-02-26,8.1952,8.2018,7.9953,8.0619
2001-02-27,8.1152,8.1552,8.0952,8.1285
2001-02-28,8.1552,8.1619,7.9953,8.0619
2001-03-01,8.0619,8.0619,7.8620,7.9886
2001-03-02,7.9953,8.0619,7.8620,7.9287
2001-03-05,7.9620,7.9620,7.8620,7.9220
2001-03-06,7.9220,8.1019,7.9220,8.0952
2001-03-07,8.1285,8.1619,7.9953,8.1352
2001-03-08,8.1152,8.1552,8.0286,8.0286
2001-03-09,8.0286,8.2418,7.9953,8.2351
2001-03-12,8.1952,8.1952,7.9620,7.9620
2001-03-13,7.9953,8.0619,7.9486,8.0619
2001-03-14,8.0019,8.2485,8.0019,8.1818
2001-03-15,8.1818,8.1885,7.9620,8.0153
2001-03-16,8.0819,8.1818,7.9953,8.1219
2001-03-19,8.0952,8.1152,7.8354,8.1152
2001-03-20,8.0952,8.1285,7.8620,7.8953
2001-03-21,7.9620,7.9620,7.7288,7.8221
2001-03-22,7.7554,7.7554,7.2957,7.6288
2001-03-23,7.6955,7.7954,7.3956,7.5289
2001-03-26,7.5955,7.9287,7.5955,7.8620
2001-03-27,7.8287,8.0819,7.7754,8.0819
2001-03-28,8.0619,8.1419,7.9953,8.0952
2001-03-29,8.1152,8.1485,8.0286,8.1485
2001-03-30,8.1285,8.3284,7.9953,8.3284
2001-04-02,8.3018,8.3151,7.9620,7.9620
2001-04-03,7.7288,7.9287,7.6621,7.9287
2001-04-04,7.9953,7.9953,7.8620,7.8620
2001-04-05,7.8287,8.1619,7.7954,8.1619
2001-04-06,8.1285,8.1285,7.9220,7.9753
2001-04-09,7.9753,7.9953,7.9287,7.9953
2001-04-10,8.0619,8.3284,7.9953,8.0286
2001-04-11,8.0286,8.1285,8.0286,8.0752
2001-04-12,8.1152,8.3284,8.0486,8.2951
2001-04-16,8.2618,8.2618,8.0619,8.0619
2001-04-17,8.0952,8.1485,7.9953,8.1419
2001-04-18,8.1285,8.2618,8.0952,8.1952
2001-04-19,8.1952,8.2951,8.1952,8.2285
2001-04-20,8.1952,8.2152,8.1485,8.1885
2001-04-23,8.1752,8.1752,7.9953,8.0286
2001-04-24,8.0486,8.0619,7.9953,7.9953
2001-04-25,8.0286,8.4883,8.0286,8.4817
2001-04-26,8.4617,8.5150,8.3084,8.3084
2001-04-27,8.3351,8.5283,8.3351,8.4284
2001-04-30,8.4217,8.4550,8.3284,8.3284
2001-05-01,8.0286,8.1552,8.0286,8.0752
2001-05-02,8.1019,8.1285,8.0619,8.0619
2001-05-03,8.0619,8.1285,8.0619,8.0686
2001-05-04,8.0619,8.3218,8.0619,8.3084
2001-05-07,8.3284,8.4150,8.2618,8.3950
2001-05-08,8.3582,8.4920,8.3582,8.4050
2001-05-09,8.3582,8.3582,8.1576,8.1911
2001-05-10,8.1911,8.2914,8.1911,8.2780
2001-05-11,8.2312,8.2914,8.2245,8.2914
2001-05-14,8.3047,8.4452,8.2914,8.4318
2001-05-15,8.4318,8.5588,8.4318,8.4920
2001-05-16,8.5254,8.6591,8.4318,8.6591
2001-05-17,8.6926,8.7260,8.6257,8.7193
2001-05-18,8.6926,8.7929,8.6257,8.6992
2001-05-21,8.6926,8.9935,8.6926,8.9935
2001-05-22,9.0269,9.5618,8.9935,9.5551
2001-05-23,9.5551,9.5551,9.3679,9.4281
2001-05-24,9.4281,9.5618,9.4147,9.4615
2001-05-25,9.5083,9.8961,9.4615,9.8895
2001-05-29,9.8895,10.0299,9.8627,9.8627
2001-05-30,9.8627,9.8627,9.2275,9.3612
2001-05-31,9.2944,9.4281,9.2944,9.3612
2001-06-01,9.3612,9.3947,9.2275,9.3612
2001-06-04,9.3612,9.5150,9.3278,9.3612
2001-06-05,9.3278,9.4682,9.3278,9.4682
2001-06-06,9.4950,9.5351,9.3612,9.5284
2001-06-07,9.4950,9.5284,9.4281,9.5284
2001-06-08,9.4950,9.5083,9.2944,9.3947
2001-06-11,9.4415,9.4682,9.3545,9.4281
2001-06-12,9.3947,9.3947,9.2609,9.3612
2001-06-13,9.3612,9.3612,9.2944,9.3478
2001-06-14,9.3612,9.4281,9.1539,9.1606
2001-06-15,9.1339,9.2944,9.0871,9.1673
2001-06-18,9.1606,9.1606,8.9266,9.0202
2001-06-19,8.9600,9.1941,8.9600,9.0938
2001-06-20,9.0269,9.3545,8.9935,9.3545
2001-06-21,9.3478,9.3612,9.3278,9.3612
2001-06-22,9.3278,9.3612,9.3211,9.3211
2001-06-25,9.3278,9.3545,9.1941,9.3144
2001-06-26,9.3211,9.6956,9.2609,9.6956
2001-06-27,9.6889,9.7290,9.6019,9.6287
2001-06-28,9.6220,9.7825,9.6220,9.6956
2001-06-29,9.7290,10.2973,9.7290,10.2973
2001-07-02,10.2305,10.2305,10.0031,10.0031
2001-07-03,10.0031,10.0232,9.9296,9.9296
2001-07-05,9.9296,9.9630,9.8159,9.8159
2001-07-06,9.8159,9.8627,9.7624,9.7959
2001-07-09,9.8627,9.8961,9.6287,9.6889
2001-07-10,9.6889,9.6889,9.5886,9.5886
2001-07-11,9.6220,9.8360,9.5618,9.7089
2001-07-12,9.7624,9.7959,9.7089,9.7156
2001-07-13,9.6956,9.7490,9.6956,9.7156
2001-07-16,9.6956,9.7557,9.6287,9.6287
2001-07-17,9.6956,9.6956,9.3947,9.4950
2001-07-18,9.5618,9.5618,9.1941,9.1941
2001-07-19,9.1272,9.1473,9.0269,9.1205
2001-07-20,9.0536,9.2542,8.9935,9.2275
2001-07-23,9.2944,9.3813,9.0269,9.0269
2001-07-24,9.0603,9.1004,9.0403,9.0470
2001-07-25,9.0603,9.0603,8.8865,8.9266
2001-07-26,8.9266,9.9898,8.9266,9.9898
2001-07-27,9.9630,10.0299,9.8627,9.9964
2001-07-30,9.9964,10.0366,9.8427,10.0165
2001-07-31,9.9964,10.0299,9.5752,9.6621
2001-08-01,9.6287,9.7691,9.5618,9.5953
2001-08-02,9.6621,9.8427,9.5284,9.8293
2001-08-03,9.8627,10.0165,9.8493,9.9496
2001-08-06,9.9496,10.0299,9.9496,9.9964
2001-08-07,9.9630,10.0566,9.9630,10.0366
2001-08-08,10.0741,10.0875,9.8259,9.8259
2001-08-09,9.8796,9.9265,9.7924,9.9265
2001-08-10,9.9936,10.0540,9.7253,9.9265
2001-08-13,9.9131,9.9131,9.4906,9.7924
2001-08-14,9.7253,9.8796,9.6583,9.7455
2001-08-15,9.7455,9.7790,9.7052,9.7589
2001-08-16,9.7924,9.9802,9.6583,9.9802
2001-08-17,9.9802,10.0204,9.6985,9.7723
2001-08-20,9.8595,10.0607,9.8595,10.0607
2001-08-21,10.0540,10.0540,9.8930,9.9265
2001-08-22,9.9936,10.0808,9.8595,10.0808
2001-08-23,9.8930,10.0741,9.8930,9.9601
2001-08-24,10.0272,10.0607,9.8930,10.0607
2001-08-27,10.0070,10.2217,9.9668,10.1948
2001-08-28,10.1613,10.1613,9.2558,9.2558
2001-08-29,9.3229,9.5241,9.3229,9.5174
2001-08-30,9.5174,9.5912,9.3900,9.3900
2001-08-31,9.4436,9.5509,9.3900,9.4705
2001-09-04,9.5241,9.5778,9.3900,9.3900
2001-09-05,9.3967,9.4570,9.2558,9.4570
2001-09-06,9.4570,9.6985,9.3296,9.6918
2001-09-07,9.6314,9.7052,9.4906,9.4906
2001-09-10,9.4369,9.4369,9.2491,9.2558
2001-09-17,9.1888,9.1888,8.5181,8.5181
2001-09-18,8.5516,8.5851,8.2162,8.2498
2001-09-19,8.1827,8.1827,7.6126,7.8809
2001-09-20,8.0486,8.0486,7.3108,7.9144
2001-09-21,8.0821,8.0821,7.5120,8.0486
2001-09-24,8.1156,8.4510,8.1156,8.4510
2001-09-25,8.4845,8.4845,8.0486,8.1492
2001-09-26,8.1827,8.3101,8.0150,8.0150
2001-09-27,8.0486,8.0821,7.8138,7.8406
2001-09-28,7.9077,8.3034,7.8138,8.3034
2001-10-01,8.2498,8.2833,7.9144,7.9211
2001-10-02,7.9144,8.0486,7.8943,8.0418
2001-10-03,8.0486,8.0486,8.0150,8.0418
2001-10-04,8.1492,8.1492,8.0150,8.0821
2001-10-05,8.0351,8.0351,7.9815,8.0083
2001-10-08,8.0351,8.0351,7.9479,7.9815
2001-10-09,7.9815,7.9815,7.8809,7.9748
2001-10-10,8.0150,8.2162,7.9412,8.2162
2001-10-11,8.2162,8.2498,8.0486,8.0486
2001-10-12,8.0486,8.0486,7.9815,8.0150
2001-10-15,7.9479,8.0217,7.9479,8.0150
2001-10-16,8.0486,8.0486,7.7467,7.9479
2001-10-17,8.0150,8.0150,7.9144,7.9144
2001-10-18,7.9479,7.9479,7.8943,7.8943
2001-10-19,7.9144,7.9144,7.8138,7.8675
2001-10-22,7.9144,8.2162,7.8138,8.1760
2001-10-23,8.1156,8.3705,8.1156,8.3168
2001-10-24,8.5516,8.5516,8.2498,8.5516
2001-10-25,8.5181,8.8199,8.5181,8.8132
2001-10-26,8.8199,8.8199,8.5181,8.5784
2001-10-29,8.5784,8.5784,8.4711,8.4711
2001-10-30,8.4510,8.4510,8.0486,8.1425
2001-10-31,8.1425,8.1827,7.9949,8.0486
2001-11-01,8.0821,8.1693,8.0821,8.1559
2001-11-02,8.1492,8.1827,8.0418,8.0486
2001-11-05,7.9815,8.1156,7.9479,8.1156
2001-11-06,8.1089,8.8132,8.1089,8.6857
2001-11-07,8.7369,8.7369,8.4812,8.4812
2001-11-08,8.4475,8.4475,8.2456,8.3802
2001-11-09,8.3465,8.6158,8.3398,8.5821
2001-11-12,8.6158,8.9860,8.6158,8.9860
2001-11-13,8.9793,9.2283,8.9793,9.0802
2001-11-14,9.0735,9.4370,9.0735,9.3831
2001-11-15,9.3158,9.4168,9.0870,9.0870
2001-11-16,9.1206,9.4437,9.1206,9.4235
2001-11-19,9.4235,9.6928,9.3562,9.4235
2001-11-20,9.3899,9.5245,9.2822,9.2822
2001-11-21,9.4168,9.4168,9.3495,9.3562
2001-11-23,9.4235,9.4235,9.3495,9.4100
2001-11-26,9.3562,9.4235,9.3225,9.3697
2001-11-27,9.3024,9.4235,9.1273,9.2552
2001-11-28,9.4235,9.4235,9.1879,9.2889
2001-11-29,9.2889,9.4168,9.2889,9.4168
2001-11-30,9.4572,9.5918,9.3697,9.4908
2001-12-03,9.5110,9.5110,9.2687,9.2822
2001-12-04,9.2889,9.4908,9.2889,9.4100
2001-12-05,9.4033,9.4235,9.3225,9.3562
2001-12-06,9.4100,9.4100,9.1879,9.2552
2001-12-07,9.3899,9.3899,9.1273,9.3562
2001-12-10,9.3697,9.3831,9.2889,9.2889
2001-12-11,9.2889,9.3966,9.2889,9.3562
2001-12-12,9.3495,9.3764,9.2889,9.3764
2001-12-13,9.3697,9.3697,9.1812,9.1812
2001-12-14,9.1812,9.3225,8.8514,9.2552
2001-12-17,9.2552,9.4100,9.2552,9.3899
2001-12-18,9.3831,9.8947,9.3629,9.8947
2001-12-19,9.8947,10.0966,9.4841,9.7668
2001-12-20,9.7601,10.0966,9.7601,10.0966
2001-12-21,10.0966,10.1639,9.9620,10.1303
2001-12-24,10.0966,10.3659,10.0966,10.2649
2001-12-26,10.2784,10.5678,10.1034,10.5678
2001-12-27,10.6015,11.4428,10.6015,11.3553
2001-12-28,11.3553,11.3553,10.5947,10.7226
2001-12-31,10.7024,10.7697,10.2986,10.2986
2002-01-02,10.3322,10.3322,9.7601,10.0293
2002-01-03,10.0966,10.0966,9.9822,10.0226
2002-01-04,10.0966,10.0966,9.9620,9.9957
2002-01-07,10.0562,10.0899,9.7601,9.7601
2002-01-08,9.7264,9.8947,9.7264,9.8947
2002-01-09,9.8274,9.9283,9.7937,9.7937
2002-01-10,9.7264,9.8139,9.5447,9.6793
2002-01-11,9.6254,9.7399,9.6254,9.6254
2002-01-14,9.6591,9.6591,9.2216,9.2552
2002-01-15,9.2552,9.2620,9.0466,9.0533
2002-01-16,9.0870,9.1206,8.9523,8.9523
2002-01-17,8.9523,9.4235,8.9523,9.3899
2002-01-18,9.4235,10.0293,9.0870,9.8947
2002-01-22,9.9081,9.9620,9.8543,9.8610
2002-01-23,9.9283,9.9283,9.7937,9.8005
2002-01-24,9.8005,9.8005,9.4774,9.4774
2002-01-25,9.4572,9.6254,9.4235,9.5649
2002-01-28,9.7264,9.7264,9.5918,9.6120
2002-01-29,9.6254,9.6591,9.4235,9.4572
2002-01-30,9.4572,9.7937,9.4235,9.7466
2002-01-31,9.7466,10.0832,9.7264,9.9957
2002-02-01,10.0293,10.0293,9.9081,9.9620
2002-02-04,9.9620,9.9957,9.9283,9.9485
2002-02-05,9.9418,9.9485,9.8610,9.9283
2002-02-06,9.9251,9.9588,9.8576,9.8913
2002-02-07,9.9251,10.0601,9.9251,9.9251
2002-02-08,9.9588,10.1276,9.8981,10.0601
2002-02-11,10.0601,10.0601,9.9723,9.9791
2002-02-12,10.0264,10.0939,9.9588,9.9656
2002-02-13,9.9926,10.2627,9.9926,10.2627
2002-02-14,10.1952,10.1952,9.9723,9.9723
2002-02-15,10.2087,10.2087,9.9926,10.1276
2002-02-19,10.0601,10.1276,9.9926,10.0601
2002-02-20,10.2627,10.2627,9.9588,10.2627
2002-02-21,10.1952,10.2019,9.6348,9.6348
2002-02-22,9.6348,10.1276,9.6348,10.1276
2002-02-25,10.0601,10.7691,9.5065,10.7218
2002-02-26,10.8028,10.8703,10.4652,10.4652
2002-02-27,10.4652,10.4652,10.1952,10.2829
2002-02-28,10.2829,10.6340,10.2829,10.4787
2002-03-01,10.4787,10.6003,10.4787,10.6003
2002-03-04,10.7015,10.8366,10.7015,10.7555
2002-03-05,10.7555,10.7555,10.5057,10.5125
2002-03-06,10.4652,10.7691,10.3842,10.7015
2002-03-07,10.7015,10.7015,10.5327,10.6003
2002-03-08,10.8028,10.9649,10.8028,10.9649
2002-03-11,11.0324,11.0526,10.9378,10.9378
2002-03-12,10.9716,10.9716,10.9041,10.9041
2002-03-13,10.9108,10.9243,10.4382,10.8028
2002-03-14,10.8636,10.8636,10.8028,10.8636
2002-03-15,10.8366,10.8636,10.8028,10.8501
2002-03-18,10.8703,11.3092,10.8636,11.1471
2002-03-19,11.1336,11.2687,10.9378,10.9649
2002-03-20,11.0054,11.0864,10.8771,11.0796
2002-03-21,11.3362,11.3362,10.9716,11.3092
2002-03-22,11.3092,11.6333,11.3092,11.4645
2002-03-25,11.4712,11.4780,11.2619,11.2754
2002-03-26,11.2079,11.2552,11.1201,11.1404
2002-03-27,11.3294,11.3294,11.1066,11.2079
2002-03-28,11.2754,11.3902,10.9649,10.9649
2002-04-01,5.5364,5.5364,4.9018,5.1718
2002-04-02,5.4014,5.4014,5.0301,5.1381
2002-04-03,5.2326,5.3811,5.1516,5.3609
2002-04-04,5.3339,5.7728,5.3339,5.5432
2002-04-05,5.6040,5.8200,5.5364,5.5702
2002-04-08,5.6377,5.8335,5.4014,5.8335
2002-04-09,6.1103,6.1103,5.8470,5.8740
2002-04-10,5.9415,6.5830,5.9415,6.5830
2002-04-11,6.5492,6.5627,5.9753,5.9753
2002-04-12,6.0428,6.4142,5.9821,6.4007
2002-04-15,6.4007,6.4142,6.2116,6.2791
2002-04-16,6.3129,6.3872,6.1103,6.2791
2002-04-17,6.2791,6.3331,6.1846,6.2454
2002-04-18,6.2116,6.2116,6.1644,6.1846
2002-04-19,6.2116,6.2319,5.9078,5.9078
2002-04-22,5.8403,5.8403,5.5702,5.6985
2002-04-23,5.7660,5.8200,5.6377,5.7322
2002-04-24,5.6850,5.7592,5.6310,5.7390
2002-04-25,5.6715,5.7322,5.5702,5.7322
2002-04-26,5.7052,5.7052,5.5702,5.5770
2002-04-29,5.6445,5.6715,5.4014,5.6040
2002-04-30,5.5364,5.6377,5.3947,5.4554
2002-05-01,5.4689,5.4689,5.2731,5.3136
2002-05-02,5.3136,5.4014,5.1313,5.1651
2002-05-03,4.9288,5.1989,4.9288,5.1989
2002-05-06,5.0638,5.0638,4.8950,5.0571
2002-05-07,5.0503,5.2259,5.0301,5.1246
2002-05-08,5.1789,5.1789,5.0435,5.0571
2002-05-09,5.0232,5.0706,4.8946,4.8946
2002-05-10,4.8946,4.9014,4.7389,4.8404
2002-05-13,4.7727,5.0435,4.7524,5.0435
2002-05-14,4.9894,5.0774,4.9555,4.9691
2002-05-15,5.0368,5.1586,4.9758,5.1451
2002-05-16,5.1451,5.2940,4.9826,4.9826
2002-05-17,4.9826,5.0571,4.8810,4.9014
2002-05-20,4.8743,4.9420,4.8743,4.9352
2002-05-21,4.9352,4.9352,4.7727,4.7795
2002-05-22,4.7389,4.9014,4.7389,4.8404
2002-05-23,4.8066,4.8066,4.5358,4.7253
2002-05-24,4.7253,4.7930,4.4884,4.5155
2002-05-28,4.5696,4.6983,4.5155,4.5696
2002-05-29,4.6035,4.6035,4.3259,4.3936
2002-05-30,4.3936,4.4004,4.0619,4.3598
2002-05-31,4.2921,4.2988,4.0484,4.0551
2002-06-03,4.1228,4.9420,3.4526,3.5880
2002-06-04,3.6219,3.6219,3.4797,3.6219
2002-06-05,3.6219,3.8588,3.5203,3.7843
2002-06-06,3.7573,4.0551,3.7573,3.7776
2002-06-07,3.8250,3.8859,3.7573,3.8859
2002-06-10,3.8317,3.8588,3.6557,3.6896
2002-06-11,3.6896,3.7166,3.5068,3.5339
2002-06-12,3.6016,3.7911,3.6016,3.7234
2002-06-13,3.7234,3.7234,3.6557,3.6625
2002-06-14,3.7234,3.7234,3.4526,3.5677
2002-06-17,3.5812,3.7369,3.5812,3.7234
2002-06-18,3.7234,3.7234,3.6896,3.7166
2002-06-19,3.7031,3.7776,3.6896,3.6963
2002-06-20,3.6896,3.7911,3.6896,3.7166
2002-06-21,3.7573,3.8588,3.6963,3.7234
2002-06-24,3.7166,3.7437,3.6896,3.7099
2002-06-25,3.7166,3.7234,3.6896,3.7099
2002-06-26,3.7099,3.7234,3.6557,3.7166
2002-06-27,3.6896,3.7234,3.6896,3.7234
2002-06-28,3.7234,3.8588,3.6557,3.8588
2002-07-01,3.9265,3.9942,3.6625,3.7302
2002-07-02,3.6896,3.7234,3.6760,3.6896
2002-07-03,3.6760,3.6896,3.4188,3.6422
2002-07-05,3.6489,3.7234,3.6489,3.6896
2002-07-08,3.6557,3.7234,3.6557,3.7031
2002-07-09,3.7166,3.7166,3.6828,3.6828
2002-07-10,3.6896,3.6896,3.5406,3.6219
2002-07-11,3.6219,3.6557,3.5542,3.6422
2002-07-12,3.6557,3.6760,3.5542,3.5745
2002-07-15,3.5609,3.6016,3.4662,3.5406
2002-07-16,3.6083,3.6489,3.4865,3.5474
2002-07-17,3.5474,3.5880,3.4526,3.5880
2002-07-18,3.5542,3.5880,3.3917,3.3985
2002-07-19,3.3985,3.3985,3.2834,3.3714
2002-07-22,3.3849,3.3849,3.1480,3.3511
2002-07-23,3.2495,3.2834,3.1818,3.1954
2002-07-24,3.1954,3.3714,2.8975,3.3714
2002-07-25,3.3375,3.5339,3.3375,3.4797
2002-07-26,3.4120,3.6354,3.3849,3.6354
2002-07-29,3.6354,3.6896,3.5745,3.5880
2002-07-30,3.5542,3.5542,3.2360,3.2495
2002-07-31,3.2427,3.2427,2.9110,2.9110
2002-08-01,2.9449,2.9855,2.9449,2.9516
2002-08-02,2.9449,2.9449,2.7892,2.7892
2002-08-05,2.7215,2.7215,2.4845,2.4845
2002-08-06,2.4913,2.5861,2.4371,2.5048
2002-08-07,2.5184,2.5797,2.4640,2.5116
2002-08-08,2.5184,2.7907,2.4503,2.7839
2002-08-09,2.7566,2.9949,2.7226,2.9268
2002-08-12,2.9268,3.6551,2.9268,3.6551
2002-08-13,3.6619,3.7776,3.2671,3.2671
2002-08-14,3.2807,3.3352,3.1650,3.3352
2002-08-15,3.3692,3.3896,3.3012,3.3012
2002-08-16,3.2671,3.2876,3.1310,3.2671
2002-08-19,3.2671,3.4713,3.2059,3.4713
2002-08-20,3.4373,3.4373,3.2195,3.3352
2002-08-21,3.3556,3.3965,3.2331,3.3965
2002-08-22,3.3965,3.3965,3.3352,3.3965
2002-08-23,3.3692,3.3896,3.3012,3.3012
2002-08-26,3.3352,3.3692,3.2535,3.3148
2002-08-27,3.3148,3.3352,3.0017,3.0017
2002-08-28,2.9881,3.1991,2.9676,3.0902
2002-08-29,3.0902,3.2603,3.0697,3.1991
2002-08-30,3.1855,3.3420,3.0970,3.1310
2002-09-03,3.1242,3.1310,2.9608,2.9813
2002-09-04,2.9949,3.3624,2.9949,3.3624
2002-09-05,3.3692,3.3692,3.2671,3.3352
2002-09-06,3.3352,3.4033,3.3012,3.4033
2002-09-09,3.3896,3.4033,3.2671,3.3352
2002-09-10,3.3488,3.4033,3.3352,3.3965
2002-09-11,3.4033,3.4033,3.3148,3.3488
2002-09-12,3.3692,3.3692,3.3012,3.3080
2002-09-13,3.3352,3.4237,3.3012,3.3352
2002-09-16,3.2671,3.2671,3.1991,3.2399
2002-09-17,3.2535,3.2671,3.1310,3.1310
2002-09-18,3.0970,3.1718,3.0970,3.1310
2002-09-19,3.1855,3.2127,3.1310,3.1310
2002-09-20,3.1650,3.1718,3.0697,3.0697
2002-09-23,2.9676,2.9676,2.8179,2.8247
2002-09-24,2.7566,2.8928,2.7226,2.8247
2002-09-25,2.8587,2.8587,2.7294,2.8179
2002-09-26,2.8247,2.8860,2.7566,2.7907
2002-09-27,2.8587,2.9336,2.7566,2.8043
2002-09-30,2.7907,2.7907,2.6886,2.7226
2002-10-01,2.7226,2.7226,2.6886,2.7158
2002-10-02,2.7158,2.7226,2.7022,2.7090
2002-10-03,2.7226,2.7839,2.7090,2.7839
2002-10-04,2.7226,2.7226,2.5865,2.6477
2002-10-07,2.7158,2.7226,2.6954,2.7158
2002-10-08,2.7158,2.7226,2.7090,2.7226
2002-10-09,2.6545,2.7226,2.6545,2.7226
2002-10-10,2.6545,2.7226,2.6545,2.7158
2002-10-11,2.7158,2.7226,2.6545,2.7090
2002-10-14,2.7022,2.7226,2.6886,2.6954
2002-10-15,2.7158,2.7907,2.6886,2.7634
2002-10-16,2.8315,2.8519,2.6682,2.7226
2002-10-17,2.7907,2.8587,2.7703,2.8587
2002-10-18,2.8587,2.9608,2.6886,2.9268
2002-10-21,2.9064,2.9745,2.8587,2.9200
2002-10-22,2.9745,3.2263,2.9608,3.0834
2002-10-23,3.1310,3.1650,2.9064,3.0629
2002-10-24,3.0629,3.0629,2.9268,2.9949
2002-10-25,2.9608,2.9608,2.6545,2.7907
2002-10-28,2.7907,2.8111,2.6886,2.7090
2002-10-29,2.5388,2.6273,2.4708,2.6273
2002-10-30,2.6341,2.7022,2.6137,2.6545
2002-10-31,2.6205,2.6818,2.5865,2.5933
2002-11-01,2.6273,2.7090,2.5729,2.7090
2002-11-04,2.7090,2.7090,2.6477,2.7022
2002-11-05,2.6682,2.7226,2.6409,2.7090
2002-11-06,2.7295,2.7295,2.6681,2.7090
2002-11-07,2.7295,2.7295,2.6681,2.7090
2002-11-08,2.7295,2.7295,2.6612,2.6817
2002-11-11,2.6681,2.7158,2.6271,2.6271
2002-11-12,2.6612,2.7090,2.4838,2.4838
2002-11-13,2.4906,2.7158,2.4838,2.6339
2002-11-14,2.6612,2.6681,2.5930,2.6681
2002-11-15,2.7295,2.7295,2.5862,2.5862
2002-11-18,2.5998,2.6203,2.4633,2.4838
2002-11-19,2.5521,2.5930,2.4497,2.5043
2002-11-20,2.4906,2.5452,2.4633,2.5248
2002-11-21,2.5248,2.5248,2.4633,2.4906
2002-11-22,2.4906,2.5589,2.4906,2.5589
2002-11-25,2.6203,2.6612,2.6135,2.6612
2002-11-26,2.6339,2.6544,2.6271,2.6408
2002-11-27,2.6476,2.6612,2.6271,2.6612
2002-11-29,2.6612,2.6612,2.5589,2.5930
2002-12-02,2.5930,2.6271,2.5043,2.5248
2002-12-03,2.4906,2.4906,2.2450,2.3200
2002-12-04,2.3883,2.5248,2.3200,2.4975
2002-12-05,2.4565,2.6066,2.4565,2.5384
2002-12-06,2.5725,2.7295,2.5657,2.6885
2002-12-09,2.7363,2.8659,2.7363,2.7977
2002-12-10,2.7977,2.9001,2.7977,2.8796
2002-12-11,2.8659,2.9001,2.7636,2.8659
2002-12-12,2.8318,2.8796,2.7977,2.8659
2002-12-13,2.8318,2.8659,2.7977,2.7977
2002-12-16,2.8523,2.8523,2.7704,2.8250
2002-12-17,2.8182,3.0024,2.7977,3.0024
2002-12-18,2.9342,3.0843,2.9205,3.0502
2002-12-19,3.0570,3.0570,2.7636,2.9274
2002-12-20,2.9001,2.9205,2.8796,2.9001
2002-12-23,2.8318,2.9342,2.7977,2.9001
2002-12-24,2.9205,2.9683,2.9137,2.9683
2002-12-26,2.9342,3.1252,2.9001,3.1252
2002-12-27,3.0911,3.0911,2.9683,3.0024
2002-12-30,3.0638,3.0707,2.9888,3.0570
2002-12-31,2.9888,3.1730,2.9342,3.1730
2003-01-02,3.2071,3.2071,3.0707,3.1730
2003-01-03,3.1048,3.2276,3.0707,3.1935
2003-01-06,3.2412,3.3095,3.2139,3.2754
2003-01-07,3.2071,3.2071,3.0229,3.0297
2003-01-08,2.9615,2.9615,2.7977,2.8523
2003-01-09,2.8659,3.0434,2.8591,2.9342
2003-01-10,2.9137,2.9546,2.7977,2.8523
2003-01-13,2.8523,2.8591,2.7704,2.7977
2003-01-14,2.7977,2.7977,2.6749,2.7295
2003-01-15,2.7636,2.7977,2.4565,2.4565
2003-01-16,2.4565,2.6612,2.4565,2.6612
2003-01-17,2.6612,2.7226,2.6476,2.6749
2003-01-21,2.6817,2.7226,2.5725,2.7090
2003-01-22,2.6749,2.6749,2.4770,2.4975
2003-01-23,2.5248,2.5248,2.4565,2.4975
2003-01-24,2.5179,2.5589,2.4906,2.4975
2003-01-27,2.4770,2.5248,2.4565,2.4702
2003-01-28,2.3746,2.5316,2.3542,2.5316
2003-01-29,2.4770,2.6408,2.4565,2.6408
2003-01-30,2.7568,2.9342,2.7295,2.9001
2003-01-31,2.9001,3.0297,2.9001,3.0229
2003-02-03,3.0229,3.3982,2.9069,3.3572
2003-02-04,3.4050,3.4664,3.2754,3.4664
2003-02-05,3.4664,3.4664,3.1594,3.1594
2003-02-06,3.1530,3.1530,2.9478,2.9478
2003-02-07,2.9547,2.9752,2.8452,2.8521
2003-02-10,2.7837,2.7837,2.5648,2.6879
2003-02-11,2.6811,2.7358,2.5101,2.5990
2003-02-12,2.5922,2.6332,2.5306,2.5306
2003-02-13,2.4622,2.5306,2.4212,2.4212
2003-02-14,2.4280,2.5033,2.4212,2.4964
2003-02-18,2.5648,2.5990,2.3938,2.3938
2003-02-19,2.3938,2.4622,2.3870,2.4280
2003-02-20,2.3596,2.4485,2.3323,2.4075
2003-02-21,2.4280,2.6059,2.4280,2.5580
2003-02-24,2.5306,2.5306,2.3665,2.4896
2003-02-25,2.4622,2.4759,2.4143,2.4759
2003-02-26,2.4554,2.7290,2.4554,2.7290
2003-02-27,2.7974,2.8726,2.6879,2.7290
2003-02-28,2.7358,2.7426,2.4554,2.4622
2003-03-03,2.4896,2.5443,2.4896,2.5169
2003-03-04,2.5101,2.5990,2.4622,2.5990
2003-03-05,2.5990,2.5990,2.4964,2.5238
2003-03-06,2.4964,2.5990,2.4964,2.5511
2003-03-07,2.4964,2.5306,2.4759,2.5033
2003-03-10,2.4964,2.4964,2.4417,2.4964
2003-03-11,2.5033,2.5306,2.4759,2.5101
2003-03-12,2.4896,2.5443,2.4622,2.5443
2003-03-13,2.5443,2.5443,2.4280,2.4827
2003-03-14,2.4827,2.4827,2.3118,2.3254
2003-03-17,2.2912,2.3528,2.2434,2.3254
2003-03-18,2.3118,2.3870,2.2297,2.3665
2003-03-19,2.3596,2.5375,2.3596,2.5375
2003-03-20,2.4759,2.5990,2.4075,2.5990
2003-03-21,2.6332,2.6879,2.4280,2.5648
2003-03-24,2.5306,2.5306,2.4485,2.4485
2003-03-25,2.4417,2.5306,2.3938,2.4075
2003-03-26,2.3596,2.4007,2.3323,2.3938
2003-03-27,2.3596,2.4143,2.3254,2.3596
2003-03-28,2.3391,2.3391,2.2570,2.2570
2003-03-31,2.1955,2.2434,2.1750,2.1750
2003-04-01,2.1886,2.3254,2.1476,2.3049
2003-04-02,2.2365,2.3118,2.2228,2.3118
2003-04-03,2.3801,2.3801,2.3186,2.3254
2003-04-04,2.3733,2.4554,2.3596,2.4349
2003-04-07,2.5033,2.6811,2.5033,2.6811
2003-04-08,2.6811,2.7700,2.5717,2.7700
2003-04-09,2.8042,2.8110,2.4622,2.4622
2003-04-10,2.4691,2.4759,2.3938,2.3938
2003-04-11,2.4280,2.4280,2.2981,2.3118
2003-04-14,2.3596,2.5033,2.3049,2.5033
2003-04-15,2.5306,2.6332,2.5169,2.6264
2003-04-16,2.6264,2.6948,2.6264,2.6606
2003-04-17,2.6674,2.7153,2.6127,2.6948
2003-04-21,2.7016,2.7016,2.5648,2.6606
2003-04-22,2.6264,2.6674,2.5990,2.6264
2003-04-23,2.6674,2.7700,2.6332,2.6674
2003-04-24,2.6059,2.6332,2.3391,2.5648
2003-04-25,2.6127,2.6127,2.2912,2.2981
2003-04-28,2.3254,2.3323,2.0997,2.2434
2003-04-29,2.2434,2.2570,2.1886,2.2160
2003-04-30,2.2776,2.3254,2.2570,2.2912
2003-05-01,2.2912,2.3254,2.1955,2.2228
2003-05-02,2.2228,2.3049,2.2228,2.2912
2003-05-05,2.3254,2.3938,2.2639,2.2912
2003-05-06,2.3596,2.3938,2.3254,2.3938
2003-05-07,2.4076,2.4213,2.3459,2.3733
2003-05-08,2.3733,2.3802,2.3459,2.3527
2003-05-09,2.4007,2.4007,2.2293,2.2636
2003-05-12,2.2636,2.4007,2.2430,2.3184
2003-05-13,2.2773,2.3664,2.2636,2.2979
2003-05-14,2.3047,2.3253,2.2841,2.2841
2003-05-15,2.2979,2.2979,2.2293,2.2910
2003-05-16,2.2636,2.4693,2.2636,2.3322
2003-05-19,2.3184,2.3664,2.1401,2.3322
2003-05-20,2.3322,2.3322,2.2704,2.3116
2003-05-21,2.2979,2.3116,2.2704,2.3116
2003-05-22,2.3047,2.3527,2.2841,2.3527
2003-05-23,2.3459,2.4488,2.3322,2.4350
2003-05-27,2.4145,2.4145,2.2636,2.3664
2003-05-28,2.3322,2.3664,2.2979,2.3116
2003-05-29,2.3459,2.3596,2.2979,2.3322
2003-05-30,2.3664,2.4007,2.3322,2.3939
2003-06-02,2.4076,2.4076,2.2979,2.3116
2003-06-03,2.3116,2.4213,2.3116,2.4213
2003-06-04,2.4213,2.4693,2.3802,2.4556
2003-06-05,2.4625,2.5585,2.4625,2.5379
2003-06-06,2.5379,2.5859,2.5105,2.5105
2003-06-09,2.5105,2.5379,2.3664,2.3733
2003-06-10,2.3733,2.4419,2.3733,2.3802
2003-06-11,2.3939,2.4556,2.3459,2.3870
2003-06-12,2.4007,2.4282,2.3596,2.3733
2003-06-13,2.3733,2.3870,2.3390,2.3664
2003-06-16,2.3733,2.4350,2.3390,2.3802
2003-06-17,2.3870,2.4007,2.3390,2.3664
2003-06-18,2.3664,2.3664,2.3322,2.3664
2003-06-19,2.3390,2.3870,2.3322,2.3596
2003-06-20,2.3664,2.4145,2.3664,2.4007
2003-06-23,2.3802,2.4556,2.3664,2.4419
2003-06-24,2.4282,2.4625,2.4007,2.4350
2003-06-25,2.4007,2.4693,2.4007,2.4625
2003-06-26,2.4693,2.5585,2.4350,2.5585
2003-06-27,2.5379,2.6751,2.5379,2.6614
2003-06-30,2.6477,2.8123,2.6340,2.8123
2003-07-01,2.7917,2.8466,2.6751,2.8466
2003-07-02,2.8466,2.9838,2.8466,2.9838
2003-07-03,2.9769,3.0044,2.9701,3.0044
2003-07-07,2.9906,3.1484,2.9906,3.1484
2003-07-08,3.1484,3.1621,3.0935,3.1553
2003-07-09,3.1210,3.1484,3.1072,3.1484
2003-07-10,3.1210,3.1553,3.1141,3.1484
2003-07-11,3.1210,3.1964,3.1210,3.1896
2003-07-14,3.1964,3.2033,3.1553,3.2033
2003-07-15,3.2033,3.2033,3.1553,3.1553
2003-07-16,3.1690,3.2101,3.1621,3.1827
2003-07-17,3.1690,3.1964,3.1278,3.1896
2003-07-18,3.1896,3.2101,3.1621,3.2101
2003-07-21,3.2101,3.2170,3.1278,3.1690
2003-07-22,3.1690,3.1690,2.9632,3.0524
2003-07-23,3.0867,3.0867,2.9838,3.0318
2003-07-24,3.0524,3.0524,2.9495,3.0181
2003-07-25,3.0318,3.0592,2.9838,3.0181
2003-07-28,3.0455,3.1004,2.9495,2.9495
2003-07-29,2.9838,3.0044,2.9495,3.0044
2003-07-30,3.0181,3.0181,2.6408,2.6683
2003-07-31,2.6888,2.7643,2.6065,2.7437
2003-08-01,2.7437,2.7437,2.6957,2.7231
2003-08-04,2.7368,2.7574,2.6408,2.7437
2003-08-05,2.7094,2.7437,2.6614,2.6614
2003-08-06,2.6477,2.6890,2.6064,2.6408
2003-08-07,2.6683,2.7784,2.5927,2.7784
2003-08-08,2.8196,2.9503,2.7715,2.8884
2003-08-11,2.8540,2.9916,2.8540,2.9916
2003-08-12,2.9709,3.0603,2.9640,3.0603
2003-08-13,3.0259,3.0466,2.9984,3.0259
2003-08-14,3.0328,3.0603,3.0259,3.0328
2003-08-15,3.0466,3.0466,2.9228,2.9228
2003-08-18,2.8678,3.0397,2.8678,3.0397
2003-08-19,3.0741,3.1704,3.0741,3.1016
2003-08-20,3.0672,3.1085,3.0466,3.1016
2003-08-21,3.1016,3.2598,3.0603,3.2323
2003-08-22,3.2254,3.2391,3.1979,3.1979
2003-08-25,3.1497,3.1635,3.0947,3.1635
2003-08-26,3.1566,3.1566,3.0259,3.1222
2003-08-27,3.0672,3.1222,3.0603,3.0810
2003-08-28,3.0810,3.0810,2.9572,2.9847
2003-08-29,2.9572,2.9572,2.9228,2.9434
2003-09-02,2.9434,2.9847,2.9022,2.9572
2003-09-03,2.9572,2.9572,2.9228,2.9228
2003-09-04,2.9297,2.9434,2.8540,2.9228
2003-09-05,2.8884,2.8884,2.7646,2.7646
2003-09-08,2.7509,2.8540,2.7509,2.8403
2003-09-09,2.9022,2.9159,2.7233,2.7233
2003-09-10,2.7165,2.7371,2.6821,2.7096
2003-09-11,2.6821,2.7509,2.6133,2.7440
2003-09-12,2.7165,2.7852,2.6890,2.7852
2003-09-15,2.7852,2.8196,2.7096,2.7096
2003-09-16,2.6683,2.6958,2.5927,2.6408
2003-09-17,2.6683,2.7027,2.6133,2.6683
2003-09-18,2.7165,2.8678,2.6821,2.7784
2003-09-19,2.7371,2.8403,2.7302,2.8196
2003-09-22,2.8471,2.8884,2.7646,2.8127
2003-09-23,2.7852,2.8540,2.7715,2.8540
2003-09-24,2.8403,2.8884,2.8127,2.8127
2003-09-25,2.8265,2.9022,2.7302,2.7302
2003-09-26,2.7302,2.7302,2.6133,2.6133
2003-09-29,2.6339,2.6546,2.5789,2.6133
2003-09-30,2.5927,2.5996,2.5789,2.5858
2003-10-01,2.5996,2.6821,2.5170,2.6064
2003-10-02,2.5789,2.6821,2.4895,2.5789
2003-10-03,2.6133,2.6477,2.4758,2.4964
2003-10-06,2.4964,2.6202,2.4758,2.6202
2003-10-07,2.5652,2.7371,2.5308,2.7302
2003-10-08,2.7165,2.7233,2.6821,2.7027
2003-10-09,2.7165,2.7509,2.6271,2.6339
2003-10-10,2.6133,2.6821,2.5789,2.6752
2003-10-13,2.6752,2.7302,2.5927,2.6408
2003-10-14,2.6683,2.7852,2.6683,2.7440
2003-10-15,2.7646,2.7646,2.6546,2.7096
2003-10-16,2.6958,2.7440,2.6615,2.7096
2003-10-17,2.7302,2.7371,2.5996,2.5996
2003-10-20,2.6339,2.6890,2.6339,2.6683
2003-10-21,2.7027,2.7165,2.6339,2.6683
2003-10-22,2.6546,2.6546,2.5170,2.5170
2003-10-23,2.5102,2.6133,2.4895,2.5308
2003-10-24,2.5514,2.5996,2.5102,2.5445
2003-10-27,2.4895,2.5996,2.4895,2.5445
2003-10-28,2.5445,2.5996,2.5445,2.5996
2003-10-29,2.5789,2.6821,2.5789,2.6546
2003-10-30,2.7233,2.7440,2.4483,2.4826
2003-10-31,2.4826,2.5927,2.4826,2.5514
2003-11-03,2.5927,2.8265,2.5927,2.7852
2003-11-04,2.7784,2.8678,2.7577,2.8403
2003-11-05,2.7852,2.8884,2.7715,2.8540
2003-11-06,2.8608,2.9022,2.8263,2.9022
2003-11-07,2.9504,2.9987,2.9297,2.9435
2003-11-10,2.9435,2.9711,2.9022,2.9022
2003-11-11,2.9228,2.9228,2.8539,2.8539
2003-11-12,2.7919,2.8953,2.7919,2.8953
2003-11-13,2.8953,2.9159,2.8608,2.8677
2003-11-14,2.8953,2.9159,2.8539,2.8539
2003-11-17,2.8401,2.8608,2.7574,2.8401
2003-11-18,2.7919,2.8470,2.6264,2.6953
2003-11-19,2.6540,2.8125,2.6540,2.8056
2003-11-20,2.8056,2.8056,2.7229,2.7574
2003-11-21,2.8125,2.8539,2.7712,2.8332
2003-11-24,2.8263,2.8953,2.7781,2.8401
2003-11-25,2.8056,2.8263,2.6678,2.7229
2003-11-26,2.7574,2.8815,2.7229,2.8746
2003-11-28,2.8953,2.8953,2.8332,2.8815
2003-12-01,2.8953,2.8953,2.8056,2.8125
2003-12-02,2.8470,2.8539,2.7298,2.7298
2003-12-03,2.6609,2.6609,2.5988,2.6057
2003-12-04,2.6057,2.6540,2.5575,2.5782
2003-12-05,2.5782,2.6195,2.5644,2.5988
2003-12-08,2.5851,2.6195,2.5161,2.6195
2003-12-09,2.5851,2.6057,2.5506,2.5644
2003-12-10,2.5575,2.5713,2.5299,2.5299
2003-12-11,2.5092,2.7022,2.5092,2.6126
2003-12-12,2.5851,2.6540,2.5506,2.6333
2003-12-15,2.6333,2.6885,2.5230,2.5230
2003-12-16,2.4885,2.5506,2.4816,2.5506
2003-12-17,2.5161,2.5506,2.4954,2.5161
2003-12-18,2.5161,2.5506,2.4885,2.5437
2003-12-19,2.5506,2.6126,2.4885,2.5919
2003-12-22,2.5506,2.5782,2.4885,2.5023
2003-12-23,2.4885,2.5437,2.4885,2.5368
2003-12-24,2.4954,2.6126,2.4954,2.5644
2003-12-26,2.5299,2.5713,2.4885,2.5161
2003-12-29,2.4885,2.5368,2.4885,2.5230
2003-12-30,2.5023,2.5368,2.4816,2.5023
2003-12-31,2.4954,2.5161,2.4127,2.4127
2004-01-02,2.4472,2.5092,2.4196,2.4541
2004-01-05,2.5230,2.5782,2.5230,2.5713
2004-01-06,2.5506,2.7298,2.5437,2.7298
2004-01-07,2.7298,2.9159,2.7298,2.8815
2004-01-08,2.8608,2.8884,2.7367,2.7505
2004-01-09,2.5506,2.6264,2.5368,2.5644
2004-01-12,2.5506,2.6540,2.5437,2.5919
2004-01-13,2.6057,2.6195,2.5919,2.6126
2004-01-14,2.5644,2.6333,2.5644,2.6195
2004-01-15,2.5851,2.6195,2.5506,2.5713
2004-01-16,2.6195,2.6264,2.5506,2.5506
2004-01-20,2.5506,2.6471,2.5506,2.6471
2004-01-21,2.6540,2.7919,2.6264,2.7574
2004-01-22,2.6885,2.7574,2.6885,2.7160
2004-01-23,2.6678,2.7505,2.6333,2.7160
2004-01-26,2.7229,2.7436,2.6609,2.6885
2004-01-27,2.6540,2.6953,2.6402,2.6609
2004-01-28,2.6885,2.6885,2.6333,2.6471
2004-01-29,2.6816,2.6816,2.5988,2.6195
2004-01-30,2.6057,2.6540,2.5851,2.5988
2004-02-02,2.5988,2.6402,2.5644,2.5851
2004-02-03,2.6195,2.7850,2.5782,2.7643
2004-02-04,2.6953,2.7574,2.5851,2.5851
2004-02-05,2.5851,2.6747,2.5575,2.6471
2004-02-06,2.6815,2.7299,2.5986,2.6885
2004-02-09,2.7576,2.7852,2.7161,2.7368
2004-02-10,2.7852,2.8059,2.7023,2.8059
2004-02-11,2.7990,2.8681,2.7990,2.8681
2004-02-12,2.8543,2.8889,2.7645,2.8198
2004-02-13,2.8198,2.8198,2.6954,2.6954
2004-02-17,2.7299,2.7714,2.7230,2.7576
2004-02-18,2.7990,2.7990,2.5917,2.6263
2004-02-19,2.5986,2.6263,2.5779,2.5779
2004-02-20,2.6263,2.6263,2.5641,2.5641
2004-02-23,2.6193,2.6470,2.5641,2.5641
2004-02-24,2.5917,2.6263,2.5571,2.5917
2004-02-25,2.5710,2.6263,2.5502,2.5986
2004-02-26,2.5986,2.6539,2.5641,2.6124
2004-02-27,2.5986,2.6055,2.5502,2.6055
2004-03-01,2.6401,2.7092,2.6055,2.6332
2004-03-02,2.6055,2.6815,2.5710,2.5848
2004-03-03,2.6539,2.6539,2.5502,2.5710
2004-03-04,2.5710,2.7507,2.5710,2.7507
2004-03-05,2.7230,2.7714,2.6954,2.7299
2004-03-08,2.7299,2.7576,2.6470,2.6539
2004-03-09,2.6055,2.6746,2.5917,2.6124
2004-03-10,2.5917,2.6954,2.5641,2.6263
2004-03-11,2.5917,2.7023,2.5917,2.5986
2004-03-12,2.6263,2.7645,2.6263,2.7645
2004-03-15,2.6954,2.7645,2.6055,2.6055
2004-03-16,2.6124,2.6401,2.5917,2.6124
2004-03-17,2.6608,2.6885,2.6055,2.6124
2004-03-18,2.5986,2.6746,2.5917,2.6677
2004-03-19,2.7023,2.7023,2.5779,2.5986
2004-03-22,2.6539,2.6539,2.5641,2.5779
2004-03-23,2.5571,2.6746,2.5571,2.6746
2004-03-24,2.6263,2.6608,2.5779,2.5986
2004-03-25,2.6263,2.6608,2.5917,2.6608
2004-03-26,2.6263,2.6608,2.5917,2.6539
2004-03-29,2.6954,2.7299,2.6677,2.6954
2004-03-30,2.6954,2.7299,2.6677,2.6954
2004-03-31,2.6401,2.6677,2.6263,2.6608
2004-04-01,2.6539,2.8336,2.6539,2.7990
2004-04-02,2.8681,2.9649,2.8336,2.9649
2004-04-05,2.9649,3.2483,2.8336,3.2413
2004-04-06,3.1722,3.3796,3.1584,3.3796
2004-04-07,3.3105,3.5662,3.2828,3.4832
2004-04-08,3.5247,3.5247,3.3450,3.4210
2004-04-12,3.3865,3.5454,3.3519,3.4902
2004-04-13,3.4971,3.5662,3.4556,3.5247
2004-04-14,3.4902,3.8081,3.4556,3.8012
2004-04-15,3.8012,3.8012,3.6422,3.6906
2004-04-16,3.6698,3.8219,3.6698,3.7666
2004-04-19,3.8012,3.8012,3.6353,3.7942
2004-04-20,3.8150,3.8219,3.5316,3.6491
2004-04-21,3.6284,3.6975,3.4556,3.6837
2004-04-22,3.6284,3.7666,3.6284,3.7597
2004-04-23,3.7597,3.7597,3.6284,3.7251
2004-04-26,3.8012,3.8219,3.4487,3.4487
2004-04-27,3.5247,3.5247,3.1446,3.2828
2004-04-28,3.0064,3.0755,2.8681,2.8751
2004-04-29,2.8751,3.1100,2.8681,2.8681
2004-04-30,2.8681,2.9373,2.7645,2.7645
2004-05-03,2.7507,3.0340,2.7437,2.9442
2004-05-04,2.9442,3.1930,2.7852,3.1930
2004-05-05,3.1584,3.3796,3.1446,3.1446
2004-05-06,3.1443,3.4975,3.1443,3.2897
2004-05-07,3.3036,3.3728,3.1858,3.2551
2004-05-10,3.1858,3.2551,3.1027,3.1235
2004-05-11,3.1858,3.2828,3.1027,3.1235
2004-05-12,3.1235,3.2551,2.9504,3.1720
2004-05-13,3.1720,3.2066,3.1235,3.1512
2004-05-14,3.1166,3.2759,3.0473,3.0473
2004-05-17,2.9781,3.4282,2.8396,3.3936
2004-05-18,3.3936,3.4005,3.3728,3.4005
2004-05-19,3.4005,3.4213,3.1443,3.1858
2004-05-20,3.2551,3.4282,3.2551,3.3382
2004-05-21,3.3936,3.3936,3.1166,3.1374
2004-05-24,3.1374,3.2551,3.1374,3.2343
2004-05-25,3.2412,3.3590,3.1928,3.2551
2004-05-26,3.2897,3.2897,3.2551,3.2828
2004-05-27,3.2135,3.2551,3.1374,3.1374
2004-05-28,3.1858,3.2205,3.1443,3.1789
2004-06-01,3.1374,3.3521,3.0820,3.1166
2004-06-02,3.1512,3.1858,2.8811,2.9088
2004-06-03,2.8396,2.8534,2.7495,2.8326
2004-06-04,2.8673,2.9088,2.8049,2.8742
2004-06-07,2.8950,2.9088,2.8396,2.8880
2004-06-08,2.8880,2.9088,2.7772,2.8257
2004-06-09,2.8257,2.8396,2.7703,2.7911
2004-06-10,2.8603,2.9088,2.7426,2.8049
2004-06-14,2.7703,2.9088,2.7426,2.7841
2004-06-15,2.8396,2.8742,2.7634,2.7841
2004-06-16,2.8049,2.8673,2.7772,2.8118
2004-06-17,2.8118,2.8603,2.7772,2.8534
2004-06-18,2.8257,2.8326,2.7841,2.8049
2004-06-21,2.7841,2.8118,2.7772,2.7772
2004-06-22,2.7772,2.7772,2.7426,2.7634
2004-06-23,2.7564,2.8742,2.7357,2.8396
2004-06-24,2.8396,2.8742,2.7634,2.8188
2004-06-25,2.7980,2.9781,2.7564,2.9781
2004-06-28,3.0473,3.0473,2.7080,2.7634
2004-06-29,2.7703,2.8257,2.7564,2.7772
2004-06-30,2.8465,2.8465,2.7564,2.7703
2004-07-01,2.7564,2.8049,2.7495,2.7703
2004-07-02,2.7703,2.7703,2.7495,2.7703
2004-07-06,2.7564,2.7634,2.7218,2.7287
2004-07-07,2.6664,2.7357,2.6664,2.6941
2004-07-08,2.6941,2.7495,2.6595,2.6595
2004-07-09,2.6664,2.8396,2.6595,2.8118
2004-07-12,2.8049,2.8326,2.6664,2.7841
2004-07-13,2.8118,2.8188,2.6664,2.8049
2004-07-14,2.7911,2.8257,2.6664,2.7911
2004-07-15,2.7841,2.8049,2.7703,2.7703
2004-07-16,2.8049,2.8049,2.7357,2.7357
2004-07-19,2.7357,2.7495,2.7010,2.7010
2004-07-20,2.6733,2.7426,2.6664,2.7426
2004-07-21,2.7703,2.7703,2.6595,2.6595
2004-07-22,2.6526,2.6941,2.6526,2.6941
2004-07-23,2.6664,2.7010,2.6595,2.6733
2004-07-26,2.6595,2.6803,2.6595,2.6733
2004-07-27,2.7010,2.7426,2.6595,2.6595
2004-07-28,2.6595,2.7772,2.6526,2.7772
2004-07-29,2.8049,3.0127,2.7703,3.0127
2004-07-30,2.9711,3.0127,2.9157,3.0127
2004-08-02,2.9781,2.9781,2.8811,2.9088
2004-08-03,2.8950,2.9296,2.8465,2.8742
2004-08-04,2.8396,2.9504,2.7634,2.9157
2004-08-05,2.9019,2.9504,2.8603,2.9227
2004-08-06,2.8881,2.9298,2.7909,2.8465
2004-08-09,2.8118,2.8326,2.7840,2.8048
2004-08-10,2.8257,2.8395,2.7798,2.8118
2004-08-11,2.7840,2.8048,2.7423,2.7771
2004-08-12,2.7423,2.7701,2.7076,2.7562
2004-08-13,2.7632,2.7632,2.7285,2.7493
2004-08-16,2.7771,2.8465,2.7423,2.7701
2004-08-17,2.7701,2.7909,2.7423,2.7493
2004-08-18,2.7493,2.8395,2.7493,2.8395
2004-08-19,2.7979,2.8118,2.7076,2.7354
2004-08-20,2.7632,2.8326,2.7632,2.8257
2004-08-23,2.8395,2.9367,2.8257,2.9298
2004-08-24,2.9506,2.9714,2.9090,2.9090
2004-08-25,2.9090,2.9159,2.8812,2.9159
2004-08-26,2.9645,2.9645,2.8395,2.8395
2004-08-27,2.8812,3.0895,2.8465,3.0617
2004-08-30,3.0825,3.1103,3.0409,3.0617
2004-08-31,3.0964,3.1589,3.0548,3.1589
2004-09-01,3.1936,3.3047,3.0548,3.0617
2004-09-02,3.0548,3.2283,3.0548,3.2283
2004-09-03,3.2283,3.2283,3.0548,3.1103
2004-09-07,3.1797,3.2422,3.0964,3.1728
2004-09-08,3.1381,3.1728,2.9923,2.9923
2004-09-09,3.0270,3.2630,2.9923,3.2630
2004-09-10,3.2283,3.2630,3.1589,3.2561
2004-09-13,3.2630,3.2977,3.2283,3.2283
2004-09-14,3.1936,3.2630,3.1728,3.2283
2004-09-15,3.2492,3.2630,3.0409,3.1242
2004-09-16,3.1797,3.2214,3.1381,3.1450
2004-09-17,3.1797,3.1797,3.0548,3.0617
2004-09-20,3.0200,3.0895,2.9395,3.0409
2004-09-21,3.0756,3.0895,3.0548,3.0895
2004-09-22,3.0548,3.0548,2.9159,2.9228
2004-09-23,2.9506,2.9645,2.9159,2.9506
2004-09-24,2.9298,2.9298,2.8673,2.9020
2004-09-27,2.9020,2.9159,2.8534,2.8881
2004-09-28,2.9159,2.9159,2.8812,2.8812
2004-09-29,2.9159,2.9298,2.8812,2.9228
2004-09-30,2.9159,2.9853,2.9159,2.9784
2004-10-01,3.0200,3.2283,3.0062,3.2214
2004-10-04,3.2630,3.3325,3.2630,3.3255
2004-10-05,3.3880,3.4297,3.2977,3.4297
2004-10-06,3.3602,3.4366,3.3325,3.4297
2004-10-07,3.3880,3.4019,3.2630,3.2630
2004-10-08,3.1936,3.1936,3.0617,3.0617
2004-10-11,3.0270,3.0270,2.9159,2.9298
2004-10-12,2.8951,3.0964,2.8881,3.0895
2004-10-13,3.1242,3.2630,3.1242,3.2492
2004-10-14,3.1936,3.1936,3.0825,3.0825
2004-10-15,3.0895,3.2561,3.0409,3.2283
2004-10-18,3.2283,3.4019,3.1936,3.4019
2004-10-19,3.4019,3.4366,3.3533,3.3533
2004-10-20,3.3186,3.3602,3.2353,3.3394
2004-10-21,3.3741,3.4366,3.3325,3.4366
2004-10-22,3.4297,3.4366,3.3116,3.3116
2004-10-25,3.1381,3.2630,3.1103,3.2630
2004-10-26,3.2977,3.3741,3.2561,3.3602
2004-10-27,3.4297,3.4713,3.2977,3.4713
2004-10-28,3.3325,3.4574,3.2700,3.3672
2004-10-29,3.4019,3.4227,3.2769,3.2977
2004-11-01,3.2283,3.6032,3.1936,3.5546
2004-11-02,3.5755,3.6102,3.4366,3.4713
2004-11-03,3.4713,3.5616,3.4505,3.5616
2004-11-04,3.5269,3.6102,3.4921,3.5963
2004-11-05,3.6102,3.7490,3.5407,3.5616
2004-11-08,3.5061,3.5757,3.4435,3.4574
2004-11-09,3.4783,3.6105,3.4783,3.6105
2004-11-10,3.5826,3.7566,3.5826,3.7009
2004-11-11,3.7357,3.7566,3.7148,3.7566
2004-11-12,3.7218,3.7635,3.7218,3.7566
2004-11-15,3.6870,3.7287,3.6105,3.6244
2004-11-16,3.6661,3.6870,3.5826,3.6035
2004-11-17,3.6174,3.8261,3.6174,3.6870
2004-11-18,3.6592,3.7496,3.6313,3.7218
2004-11-19,3.6731,3.7357,3.6453,3.6940
2004-11-22,3.6870,3.8192,3.6661,3.7218
2004-11-23,3.6661,3.6870,3.5270,3.5340
2004-11-24,3.4783,3.5200,3.4087,3.4435
2004-11-26,3.4087,3.4713,3.4087,3.4157
2004-11-29,3.4574,3.4922,3.2974,3.3600
2004-11-30,3.3809,3.4018,3.3392,3.3809
2004-12-01,3.4366,3.8470,3.4296,3.8053
2004-12-02,3.8748,3.9513,3.7566,3.8887
2004-12-03,3.8957,3.9374,3.6940,3.7009
2004-12-06,3.6313,3.6661,3.5618,3.5826
2004-12-07,3.5479,3.5687,3.4087,3.4505
2004-12-08,3.4783,3.5618,3.3531,3.5340
2004-12-09,3.5479,3.6661,3.5061,3.6661
2004-12-10,3.6453,3.8609,3.6453,3.8261
2004-12-13,3.7566,3.7913,3.6453,3.6522
2004-12-14,3.6035,3.9653,3.6035,3.9653
2004-12-15,3.9931,4.0348,3.9513,3.9931
2004-12-16,4.0487,4.1740,3.9653,4.1183
2004-12-17,4.1531,4.1740,4.0557,4.1253
2004-12-20,4.1253,4.1461,4.0487,4.0974
2004-12-21,4.0974,4.2435,4.0766,4.2227
2004-12-22,4.1740,4.2087,4.1322,4.2087
2004-12-23,4.2087,4.2366,4.1670,4.1670
2004-12-27,4.1670,4.1740,3.9583,4.0209
2004-12-28,4.0905,4.1322,4.0348,4.1322
2004-12-29,4.1044,4.1044,3.9444,3.9792
2004-12-30,3.9792,4.0348,3.9653,3.9653
2004-12-31,3.9583,4.0905,3.9027,3.9861
2005-01-03,4.0348,4.0905,3.9722,4.0487
2005-01-04,4.0279,4.0835,3.7496,3.8470
2005-01-05,3.8261,3.8470,3.7705,3.7913
2005-01-06,3.7566,3.8331,3.7566,3.8192
2005-01-07,3.8609,3.8609,3.7913,3.8400
2005-01-10,3.8261,4.0835,3.8261,4.0418
2005-01-11,4.0070,4.1114,3.9653,4.0766
2005-01-12,4.1044,4.1392,3.9722,4.0766
2005-01-13,4.1044,4.1044,3.8400,3.8679
2005-01-14,3.9027,4.1670,3.8957,4.1461
2005-01-18,4.1740,4.1740,4.1044,4.1740
2005-01-19,4.1740,4.1740,4.0279,4.0418
2005-01-20,4.0070,4.1322,3.9374,4.1322
2005-01-21,4.1322,4.1600,4.0000,4.0279
2005-01-24,3.9931,4.0000,3.9096,3.9096
2005-01-25,3.9374,4.0766,3.9374,4.0696
2005-01-26,4.0348,4.0905,3.9653,4.0835
2005-01-27,4.0487,4.1740,4.0487,4.1044
2005-01-28,4.1740,4.1740,4.1044,4.1183
2005-01-31,4.1879,4.2435,4.1879,4.1879
2005-02-01,4.2087,4.2505,4.1600,4.1670
2005-02-02,4.1392,4.1740,4.0696,4.1740
2005-02-03,4.1740,4.1740,4.0974,4.1253
2005-02-04,4.1461,4.1531,4.1183,4.1531
2005-02-07,4.1531,4.1670,4.1392,4.1531
2005-02-08,4.1809,4.2227,4.1531,4.1670
2005-02-09,4.1809,4.1809,4.0416,4.0625
2005-02-10,4.0067,4.0067,3.8534,3.8674
2005-02-11,3.7977,3.8952,3.7977,3.8952
2005-02-14,3.8952,3.9301,3.8047,3.8186
2005-02-15,3.8325,3.9231,3.7977,3.8604
2005-02-16,3.8325,3.9092,3.8186,3.9092
2005-02-17,3.9371,3.9371,3.6723,3.6723
2005-02-18,3.6792,3.6792,3.4841,3.4841
2005-02-22,3.4144,3.5190,3.3726,3.4423
2005-02-23,3.4981,3.6583,3.4981,3.6235
2005-02-24,3.6235,3.6792,3.6235,3.6374
2005-02-25,3.6723,4.0346,3.6723,4.0346
2005-02-28,4.1043,4.1461,4.0207,4.0346
2005-03-01,4.0625,4.0625,3.8743,3.9022
2005-03-02,3.8674,3.9510,3.8325,3.8813
2005-03-03,3.9022,3.9789,3.9022,3.9789
2005-03-04,3.9789,4.0764,3.9510,4.0764
2005-03-07,4.0416,4.0904,4.0067,4.0067
2005-03-08,3.9719,3.9858,3.9301,3.9719
2005-03-09,3.9371,4.0137,3.9022,4.0137
2005-03-10,3.9719,3.9719,3.8604,3.8813
2005-03-11,3.8604,3.8743,3.8325,3.8604
2005-03-14,3.8325,3.9580,3.7907,3.9510
2005-03-15,3.9719,4.0346,3.8674,3.8813
2005-03-16,3.8674,3.8883,3.8186,3.8256
2005-03-17,3.8604,3.9719,3.8604,3.9580
2005-03-18,3.9580,3.9580,3.8534,3.8534
2005-03-21,3.9022,3.9022,3.7559,3.7768
2005-03-22,3.7628,3.7698,3.6723,3.7141
2005-03-23,3.6932,3.6932,3.5190,3.5677
2005-03-24,3.6026,3.6026,3.5538,3.5538
2005-03-28,3.6235,3.6583,3.5538,3.5538
2005-03-29,3.5538,3.5608,3.4632,3.4632
2005-03-30,3.4702,3.4771,3.4493,3.4562
2005-03-31,3.4841,3.5190,3.3866,3.5190
2005-04-01,3.5538,3.6444,3.4493,3.4981
2005-04-04,3.4841,3.5120,3.4841,3.5050
2005-04-05,3.5538,3.5538,3.4841,3.4841
2005-04-06,3.5190,3.5677,3.5190,3.5677
2005-04-07,3.5538,3.5886,3.5190,3.5747
2005-04-08,3.5329,3.5817,3.4911,3.5677
2005-04-11,3.5538,3.5747,3.5050,3.5050
2005-04-12,3.5050,3.6095,3.4702,3.5886
2005-04-13,3.5399,3.5468,3.4632,3.4771
2005-04-14,3.4632,3.4841,3.4005,3.4005
2005-04-15,3.4075,3.4144,3.2820,3.2890
2005-04-18,3.2751,3.3448,3.2681,3.3448
2005-04-19,3.3796,3.5538,3.3517,3.5190
2005-04-20,3.5538,3.5538,3.3238,3.3796
2005-04-21,3.4493,3.4493,3.1427,3.2333
2005-04-22,3.2820,3.3099,3.2054,3.2054
2005-04-25,3.2124,3.2820,3.1915,3.1915
2005-04-26,3.1845,3.2542,3.1705,3.1705
2005-04-27,3.1705,3.3099,3.1705,3.2472
2005-04-28,3.2054,3.2124,3.1496,3.1705
2005-04-29,3.1705,3.1915,3.1009,3.1845
2005-05-02,3.1845,3.2472,3.1148,3.2402
2005-05-03,3.2054,3.4981,3.2054,3.4981
2005-05-04,3.4981,3.7628,3.4981,3.7419
2005-05-05,3.6723,4.1461,3.6583,4.0625
2005-05-06,4.0972,4.3205,3.9743,4.1879
2005-05-09,4.2088,4.3554,4.1670,4.3554
2005-05-10,4.3554,4.3554,4.0832,4.2437
2005-05-11,4.1879,4.2507,4.0693,4.1879
2005-05-12,4.1879,4.1879,3.9715,4.0344
2005-05-13,4.0134,4.1670,3.8808,4.1251
2005-05-16,4.1251,4.2437,4.1251,4.2228
2005-05-17,4.2228,4.2228,4.1460,4.1879
2005-05-18,4.1879,4.2577,4.1628,4.2298
2005-05-19,4.2228,4.2228,4.1670,4.1879
2005-05-20,4.2019,4.2019,4.1111,4.1181
2005-05-23,4.1460,4.3205,4.1251,4.2717
2005-05-24,4.2577,4.3484,4.1390,4.3135
2005-05-25,4.2786,4.2786,3.9436,3.9506
2005-05-26,3.9157,4.1530,3.8668,4.1530
2005-05-27,4.1321,4.2437,4.0623,4.1949
2005-05-31,4.1879,4.1879,4.0204,4.0204
2005-06-01,4.0204,4.1949,4.0204,4.1321
2005-06-02,4.1321,4.1670,4.0344,4.0413
2005-06-03,4.0413,4.1739,4.0413,4.0762
2005-06-06,4.0344,4.4671,4.0344,4.2577
2005-06-07,4.2926,4.2926,4.0413,4.0832
2005-06-08,4.0832,4.1879,4.0274,4.1739
2005-06-09,4.1879,4.1879,4.0560,4.1879
2005-06-10,4.1530,4.1530,3.9855,4.0274
2005-06-13,3.9785,4.1879,3.9715,4.1739
2005-06-14,4.1321,4.1879,4.1251,4.1670
2005-06-15,4.1879,4.2158,4.0972,4.1879
2005-06-16,4.1879,4.1879,4.0483,4.1809
2005-06-17,4.1809,4.2158,4.1530,4.1739
2005-06-20,4.1321,4.1739,4.0902,4.1600
2005-06-21,4.1600,4.1879,4.1460,4.1739
2005-06-22,4.1670,4.1809,4.1181,4.1530
2005-06-23,4.1251,4.1460,4.0204,4.0553
2005-06-24,4.0413,4.2577,4.0413,4.2577
2005-06-27,4.2368,4.2507,4.1670,4.2228
2005-06-28,4.2228,4.2228,4.1879,4.2158
2005-06-29,4.2228,4.2368,4.1530,4.1879
2005-06-30,4.1879,4.1879,4.0623,4.1879
2005-07-01,4.1879,4.1879,4.0693,4.0762
2005-07-05,4.0762,4.2088,4.0204,4.2088
2005-07-06,4.2228,4.2228,4.0972,4.1460
2005-07-07,4.1041,4.1809,4.0553,4.1670
2005-07-08,4.1530,4.1879,4.1181,4.1809
2005-07-11,4.1879,4.2577,4.1530,4.1530
2005-07-12,4.1530,4.1879,4.1251,4.1460
2005-07-13,4.1251,4.1879,4.0693,4.1390
2005-07-14,4.1390,4.1390,4.0483,4.0693
2005-07-15,4.0483,4.0832,3.9576,3.9855
2005-07-18,4.0134,4.0413,3.9855,4.0064
2005-07-19,4.0134,4.0832,4.0134,4.0762
2005-07-20,4.0483,4.2298,4.0483,4.1879
2005-07-21,4.1181,4.1390,4.0134,4.0413
2005-07-22,4.0832,4.1879,4.0832,4.1879
2005-07-25,4.1879,4.2158,4.1321,4.1530
2005-07-26,4.2088,4.2158,4.1390,4.1949
2005-07-27,4.2088,4.2088,4.0832,4.1879
2005-07-28,4.1879,4.2158,4.1530,4.2088
2005-07-29,4.2088,4.2158,4.1739,4.1879
2005-08-01,4.2019,4.3554,4.2019,4.2926
2005-08-02,4.2926,4.3275,4.2926,4.2926
2005-08-03,4.2996,4.2996,4.2019,4.2019
2005-08-04,4.2088,4.2088,4.0832,4.0902
2005-08-05,4.3275,4.7393,4.1111,4.6765
2005-08-08,4.6520,4.7569,4.6100,4.6939
2005-08-09,4.8269,4.8269,4.7219,4.7989
2005-08-10,4.8269,4.8269,4.6170,4.6520
2005-08-11,4.6870,4.7919,4.6590,4.7779
2005-08-12,4.7919,4.7989,4.6939,4.7569
2005-08-15,4.7569,4.7779,4.7009,4.7779
2005-08-16,4.7919,4.7919,4.4771,4.6310
2005-08-17,4.6310,4.7219,4.6170,4.7219
2005-08-18,4.6520,4.6939,4.5680,4.6450
2005-08-19,4.6240,4.6520,4.6030,4.6310
2005-08-22,4.6170,4.6870,4.5820,4.6450
2005-08-23,4.6240,4.6450,4.5470,4.6450
2005-08-24,4.6730,4.8688,4.6730,4.7289
2005-08-25,4.7569,4.8409,4.7149,4.8409
2005-08-26,4.8618,4.8618,4.6520,4.6520
2005-08-29,4.7009,4.8548,4.6870,4.8548
2005-08-30,4.8618,4.8898,4.8199,4.8199
2005-08-31,4.8409,4.8828,4.7709,4.8758
2005-09-01,4.8269,4.8898,4.8199,4.8688
2005-09-02,4.8898,4.8898,4.8618,4.8828
2005-09-06,4.8968,4.9948,4.8688,4.9738
2005-09-07,4.9388,4.9458,4.9248,4.9388
2005-09-08,4.9318,4.9318,4.8898,4.9318
2005-09-09,4.8968,4.9318,4.8478,4.9108
2005-09-12,4.8968,4.9528,4.8898,4.9528
2005-09-13,4.9528,4.9528,4.8758,4.8758
2005-09-14,4.8758,4.9318,4.6870,4.7359
2005-09-15,4.7079,4.7569,4.7009,4.7219
2005-09-16,4.7639,4.8059,4.7009,4.8059
2005-09-19,4.7569,4.8129,4.7429,4.8129
2005-09-20,4.8618,4.8968,4.4281,4.4631
2005-09-21,4.4771,4.5051,4.3931,4.4421
2005-09-22,4.3722,4.3861,4.3232,4.3442
2005-09-23,4.3302,4.3722,4.2882,4.3722
2005-09-26,4.4071,4.5051,4.3372,4.4981
2005-09-27,4.5121,4.6520,4.4981,4.5890
2005-09-28,4.5820,4.6870,4.5680,4.6520
2005-09-29,4.6170,4.7149,4.5820,4.6870
2005-09-30,4.6870,4.7849,4.6870,4.7849
2005-10-03,4.7569,4.7989,4.6939,4.7079
2005-10-04,4.7219,4.7569,4.6240,4.6590
2005-10-05,4.6240,4.6310,4.4421,4.4421
2005-10-06,4.4491,4.4771,4.3512,4.4561
2005-10-07,4.4911,4.5400,4.4841,4.5121
2005-10-10,4.4911,4.5470,4.4911,4.4981
2005-10-11,4.5400,4.5820,4.4771,4.4771
2005-10-12,4.4771,4.4981,4.3582,4.4911
2005-10-13,4.4421,4.5121,4.3931,4.4421
2005-10-14,4.4421,4.4421,4.3722,4.4141
2005-10-17,4.4071,4.4421,4.3092,4.3372
2005-10-18,4.3372,4.3722,4.1413,4.1413
2005-10-19,4.0923,4.1973,4.0923,4.1973
2005-10-20,4.1623,4.2812,4.1623,4.2462
2005-10-21,4.2183,4.3931,4.2043,4.3931
2005-10-24,4.3722,4.4281,4.3372,4.4281
2005-10-25,4.3722,4.3931,4.3162,4.3442
2005-10-26,4.3022,4.3582,4.1273,4.1973
2005-10-27,4.1973,4.3652,4.1623,4.1623
2005-10-28,4.2322,4.2952,4.2113,4.2812
2005-10-31,4.3022,4.3372,4.1273,4.3372
2005-11-01,4.2952,4.3722,4.2322,4.2322
2005-11-02,4.3022,4.4561,4.3022,4.4561
2005-11-03,4.4071,4.5750,4.2672,4.3652
2005-11-04,4.3722,4.3792,4.2322,4.3792
2005-11-07,4.4141,4.5750,4.4141,4.5680
2005-11-08,4.5086,4.5296,4.4665,4.5086
2005-11-09,4.5576,4.5576,4.5016,4.5086
2005-11-10,4.5436,4.5576,4.4455,4.5226
2005-11-11,4.4875,4.5156,4.4244,4.4805
2005-11-14,4.4805,4.5436,4.4384,4.4384
2005-11-15,4.4455,4.4455,4.2702,4.2982
2005-11-16,4.3683,4.3824,4.2702,4.3543
2005-11-17,4.3824,4.4174,4.3473,4.3824
2005-11-18,4.4525,4.4525,4.3473,4.4314
2005-11-21,4.3824,4.4525,4.3543,4.4174
2005-11-22,4.4104,4.4104,4.3543,4.3894
2005-11-23,4.3473,4.4525,4.3052,4.3964
2005-11-25,4.3824,4.4174,4.3473,4.4174
2005-11-28,4.4174,4.4174,4.3122,4.3824
2005-11-29,4.3824,4.3824,4.2141,4.3052
2005-11-30,4.3473,4.5086,4.2772,4.5086
2005-12-01,4.5086,4.5576,4.4525,4.4805
2005-12-02,4.4875,4.5226,4.3894,4.3964
2005-12-05,4.3613,4.3613,4.2421,4.3543
2005-12-06,4.3192,4.3543,4.2772,4.3122
2005-12-07,4.2912,4.3333,4.2842,4.3192
2005-12-08,4.3192,4.3473,4.2842,4.3263
2005-12-09,4.3263,4.3473,4.2912,4.3333
2005-12-12,4.3613,4.4034,4.3122,4.3753
2005-12-13,4.4455,4.4665,4.3964,4.4455
2005-12-14,4.5576,4.6698,4.4945,4.5506
2005-12-15,4.5366,4.5576,4.3613,4.4455
2005-12-16,4.4735,4.5016,4.3613,4.4875
2005-12-19,4.6278,4.6278,4.4244,4.4525
2005-12-20,4.4174,4.4945,4.3403,4.3824
2005-12-21,4.3753,4.4174,4.3613,4.3683
2005-12-22,4.3613,4.4034,4.2561,4.2632
2005-12-23,4.3333,4.3333,4.2772,4.2982
2005-12-27,4.3122,4.3263,4.2491,4.2561
2005-12-28,4.2421,4.2561,4.2281,4.2351
2005-12-29,4.2281,4.2912,4.2141,4.2491
2005-12-30,4.2071,4.3613,4.1930,4.2842
2006-01-03,4.3543,4.3824,4.2702,4.3824
2006-01-04,4.3824,4.4244,4.2772,4.3473
2006-01-05,4.3333,4.3683,4.3263,4.3333
2006-01-06,4.3683,4.4174,4.3333,4.4034
2006-01-09,4.3964,4.4314,4.3683,4.4244
2006-01-10,4.3824,4.4525,4.3403,4.4384
2006-01-11,4.4174,4.4595,4.4034,4.4244
2006-01-12,4.3824,4.4455,4.3473,4.3753
2006-01-13,4.4104,4.4805,4.4104,4.4455
2006-01-17,4.4314,4.4805,4.4174,4.4805
2006-01-18,4.4314,4.5086,4.4314,4.4384
2006-01-19,4.5086,4.5226,4.4244,4.4455
2006-01-20,4.4595,4.4595,4.3613,4.3894
2006-01-23,4.3894,4.4595,4.3894,4.4455
2006-01-24,4.4525,4.4875,4.4392,4.4875
2006-01-25,4.4525,4.4875,4.3613,4.4104
2006-01-26,4.4525,4.4595,4.3052,4.3333
2006-01-27,4.3403,4.4174,4.2772,4.2982
2006-01-30,4.2491,4.4175,4.1790,4.3753
2006-01-31,4.4455,4.5576,4.3052,4.3052
2006-02-01,4.2351,4.2702,4.1650,4.2000
2006-02-02,4.2000,4.2071,3.7232,3.8074
2006-02-03,3.8775,3.9126,3.7162,3.7653
2006-02-06,3.7864,3.8284,3.5900,3.6181
2006-02-07,3.6040,3.7513,3.4989,3.4989
2006-02-08,3.5231,3.6497,3.5161,3.6146
2006-02-09,3.6427,3.7622,3.6427,3.6919
2006-02-10,3.7622,3.7904,3.5161,3.5724
2006-02-13,3.6005,3.6075,3.4669,3.5021
2006-02-14,3.5653,3.6357,3.4739,3.4950
2006-02-15,3.5161,3.6427,3.5161,3.5372
2006-02-16,3.5513,3.6005,3.4880,3.5091
2006-02-17,3.5653,3.5724,3.4950,3.4950
2006-02-21,3.5091,3.6568,3.5091,3.6146
2006-02-22,3.6146,3.6708,3.5231,3.5231
2006-02-23,3.5231,3.5724,3.4388,3.5442
2006-02-24,3.5442,3.6286,3.5442,3.5513
2006-02-27,3.5864,3.6216,3.5309,3.5442
2006-02-28,3.5442,3.5442,3.4599,3.4950
2006-03-01,3.5302,3.5302,3.4458,3.4950
2006-03-02,3.5302,3.5372,3.3825,3.3825
2006-03-03,3.4528,3.5091,3.4036,3.4317
2006-03-06,3.4458,3.4810,3.2911,3.3122
2006-03-07,3.3051,3.4317,3.3051,3.4106
2006-03-08,3.4106,3.4669,3.3825,3.4458
2006-03-09,3.4810,3.5091,3.4458,3.4458
2006-03-10,3.4458,3.6568,3.4458,3.6005
2006-03-13,3.5724,3.6427,3.5513,3.5935
2006-03-14,3.5935,3.6216,3.5231,3.6146
2006-03-15,3.6427,3.7622,3.6216,3.7411
2006-03-16,3.7622,4.1139,3.7622,4.0998
2006-03-17,4.0998,4.0998,3.9380,3.9662
2006-03-20,3.9099,3.9099,3.7411,3.7833
2006-03-21,3.7482,3.8185,3.6216,3.6286
2006-03-22,3.6146,3.7341,3.5935,3.6708
2006-03-23,3.6568,3.8326,3.6568,3.8115
2006-03-24,3.8537,4.0435,3.8115,3.8537
2006-03-27,3.7833,3.8466,3.5583,3.5864
2006-03-28,3.6568,3.7201,3.6216,3.6638
2006-03-29,3.6990,3.9170,3.6990,3.8959
2006-03-30,3.9380,3.9380,3.7974,3.8537
2006-03-31,3.8326,3.8607,3.7693,3.8607
2006-04-03,3.8607,4.0435,3.8115,3.9873
2006-04-04,4.0084,4.0787,3.9662,4.0576
2006-04-05,4.1139,4.1771,4.0506,4.1701
2006-04-06,4.1701,4.2475,4.1209,4.2475
2006-04-07,4.2756,4.3178,4.2193,4.2756
2006-04-10,4.2404,4.2826,4.2193,4.2545
2006-04-11,4.2193,4.2545,4.1209,4.2193
2006-04-12,4.2545,4.2545,4.2123,4.2193
2006-04-13,4.1912,4.2545,4.1842,4.2545
2006-04-17,4.2053,4.2545,4.1912,4.2545
2006-04-18,4.2686,4.2756,4.2475,4.2615
2006-04-19,4.2615,4.2897,4.1842,4.1982
2006-04-20,4.1982,4.3811,4.1912,4.3600
2006-04-21,4.4303,4.5006,4.3600,4.3740
2006-04-24,4.3740,4.4584,4.3389,4.4092
2006-04-25,4.3740,4.4233,4.3178,4.4162
2006-04-26,4.4303,4.5217,4.2826,4.3178
2006-04-27,4.2897,4.3178,4.1912,4.2404
2006-04-28,4.2053,4.2545,4.1631,4.2475
2006-05-01,4.2475,4.2475,4.1560,4.1701
2006-05-02,4.1560,4.2193,4.0787,4.2193
2006-05-03,4.1842,4.2545,4.1420,4.2404
2006-05-04,4.2404,4.2404,4.1631,4.2193
2006-05-05,4.2334,4.3108,4.2264,4.2615
2006-05-08,4.2721,4.3355,4.2298,4.2650
2006-05-09,4.2298,4.3355,4.1946,4.3003
2006-05-10,4.2721,4.3355,4.2298,4.2650
2006-05-11,4.2439,4.3003,4.1946,4.1946
2006-05-12,4.2862,4.3003,4.2087,4.2862
2006-05-15,4.3214,4.3637,4.2650,4.2862
2006-05-16,4.2721,4.3496,4.2721,4.2862
2006-05-17,4.2509,4.2932,4.1593,4.1734
2006-05-18,4.2298,4.2721,4.1593,4.1593
2006-05-19,4.1946,4.2580,4.1170,4.2157
2006-05-22,4.1946,4.3426,4.1886,4.2509
2006-05-23,4.2862,4.3073,4.1382,4.1593
2006-05-24,4.1593,4.2650,4.1382,4.2228
2006-05-25,4.2932,4.2932,4.1946,4.2721
2006-05-26,4.2439,4.2932,4.2298,4.2791
2006-05-30,4.2368,4.2721,4.1946,4.2228
2006-05-31,4.2650,4.2791,4.1734,4.2721
2006-06-01,4.2932,4.3003,4.1946,4.3003
2006-06-02,4.3003,4.3214,4.2580,4.3003
2006-06-05,4.2579,4.2862,4.1805,4.1805
2006-06-06,4.2228,4.2650,4.1311,4.2228
2006-06-07,4.2650,4.2791,4.1452,4.1734
2006-06-08,4.1946,4.2298,4.1241,4.2298
2006-06-09,4.2650,4.2650,4.1593,4.1946
2006-06-12,4.1664,4.2087,4.1170,4.1452
2006-06-13,4.1452,4.2016,4.1170,4.1311
2006-06-14,4.2016,4.2016,4.0747,4.1170
2006-06-15,4.1523,4.2509,4.1452,4.2087
2006-06-16,4.1946,4.1946,4.0536,4.1241
2006-06-19,4.0888,4.1805,4.0395,4.0395
2006-06-20,4.0536,4.2157,4.0113,4.1311
2006-06-21,4.0959,4.2228,4.0747,4.1311
2006-06-22,4.1029,4.1029,3.9549,3.9972
2006-06-23,3.9619,4.1170,3.9126,4.0888
2006-06-26,4.1241,4.1523,4.0606,4.1523
2006-06-27,4.1523,4.1946,4.1170,4.1452
2006-06-28,4.1452,4.1946,4.0183,4.0959
2006-06-29,4.1382,4.2087,4.0536,4.1170
2006-06-30,4.1241,4.1523,4.1029,4.1382
2006-07-03,4.1382,4.2580,4.1241,4.1805
2006-07-05,4.1311,4.2721,4.1311,4.1593
2006-07-06,4.1593,4.2439,4.0888,4.1311
2006-07-07,4.0747,4.2439,3.9478,4.0747
2006-07-10,4.1946,4.2228,4.0606,4.1523
2006-07-11,4.0888,4.2157,4.0113,4.1805
2006-07-12,4.1946,4.1946,3.9549,3.9619
2006-07-13,3.9478,4.0042,3.8773,3.9478
2006-07-14,4.0183,4.0677,3.8562,3.9760
2006-07-17,4.0183,4.0888,3.8985,4.0677
2006-07-18,4.1241,4.1946,4.0113,4.1664
2006-07-19,4.1593,4.2650,4.1241,4.2298
2006-07-20,4.1946,4.2298,3.9478,3.9619
2006-07-21,3.9337,3.9831,3.8632,3.8773
2006-07-24,3.9126,4.0747,3.9126,4.0677
2006-07-25,4.0888,4.1100,4.0183,4.0606
2006-07-26,4.0254,4.2298,3.9831,4.2157
2006-07-27,4.2157,4.2157,4.0183,4.0888
2006-07-28,4.0465,4.2087,4.0465,4.2087
2006-07-31,4.1100,4.2087,4.0959,4.1523
2006-08-01,4.1029,4.1452,3.9196,4.1100
2006-08-02,4.1382,4.1875,3.9619,4.0183
2006-08-03,4.0042,4.1875,3.9478,4.1382
2006-08-04,4.1593,4.1593,3.9831,4.1029
2006-08-07,4.0324,4.1452,3.9901,4.0465
2006-08-08,4.0999,4.0999,3.9090,3.9090
2006-08-09,3.9444,4.0646,3.8949,3.9090
2006-08-10,3.8878,4.0999,3.8525,4.0151
2006-08-11,4.0151,4.0504,3.9302,3.9373
2006-08-14,3.9939,4.0221,3.8808,3.9020
2006-08-15,3.9727,3.9939,3.9373,3.9585
2006-08-16,3.9939,4.0151,3.9656,4.0009
2006-08-17,3.9727,4.0151,3.9727,4.0151
2006-08-18,4.0221,4.0221,3.8808,3.8878
2006-08-21,3.8596,3.8666,3.7606,3.8666
2006-08-22,3.8454,3.9585,3.8030,3.9515
2006-08-23,3.9515,4.0292,3.9302,3.9515
2006-08-24,3.9727,4.0858,3.8878,3.9302
2006-08-25,3.9232,4.0221,3.8666,3.9727
2006-08-28,3.9373,4.1211,3.9373,4.1070
2006-08-29,4.1265,4.1847,4.0787,4.1140
2006-08-30,4.1352,4.1847,4.0292,4.1564
2006-08-31,4.1847,4.2059,4.0858,4.0999
2006-09-01,4.1352,4.1352,4.0787,4.1211
2006-09-05,4.1706,4.1706,3.9727,4.0646
2006-09-06,4.0292,4.0646,3.9373,3.9444
2006-09-07,3.9232,3.9727,3.9090,3.9090
2006-09-08,3.9090,3.9373,3.9090,3.9090
2006-09-11,3.9090,3.9302,3.8878,3.8878
2006-09-12,3.9090,3.9797,3.8949,3.9585
2006-09-13,3.9797,4.0716,3.9797,4.0646
2006-09-14,4.0504,4.0716,4.0202,4.0716
2006-09-15,4.0787,4.0858,4.0080,4.0151
2006-09-18,4.0080,4.0292,3.9797,4.0221
2006-09-19,4.2413,4.2413,3.8878,3.9727
2006-09-20,3.9868,4.0363,3.6687,3.9585
2006-09-21,3.9868,4.0575,3.9727,4.0009
2006-09-22,3.9868,4.0151,3.8949,3.9302
2006-09-25,3.9232,3.9656,3.8030,3.9020
2006-09-26,3.9444,3.9444,3.8666,3.9090
2006-09-27,3.8878,3.9161,3.7111,3.8454
2006-09-28,3.8596,3.9232,3.8171,3.8525
2006-09-29,3.8666,4.0221,3.8313,3.8313
2006-10-02,3.7818,3.9444,3.7818,3.9020
2006-10-03,3.8878,3.9373,3.7253,3.7606
2006-10-04,3.7041,3.8171,3.6970,3.7535
2006-10-05,3.7677,3.8030,3.6899,3.7394
2006-10-06,3.7323,3.9515,3.7182,3.9232
2006-10-09,3.9020,3.9585,3.9020,3.9515
2006-10-10,3.9939,3.9939,3.7606,3.8878
2006-10-11,3.9232,3.9232,3.7677,3.7889
2006-10-12,3.8242,3.8596,3.7818,3.8171
2006-10-13,3.8384,3.8878,3.8242,3.8878
2006-10-16,3.9020,3.9585,3.9020,3.9585
2006-10-17,3.9939,3.9939,3.9090,3.9090
2006-10-18,3.9232,3.9232,3.7959,3.8030
2006-10-19,3.8030,3.9232,3.8030,3.8878
2006-10-20,3.8878,3.8878,3.7818,3.8030
2006-10-23,3.7747,3.8101,3.7111,3.8101
2006-10-24,3.7818,3.8030,3.7040,3.7323
2006-10-25,3.7394,3.7818,3.6899,3.7182
2006-10-26,3.7677,3.7818,3.7040,3.7040
2006-10-27,3.6899,3.7323,3.5415,3.6051
2006-10-30,3.5556,3.7465,3.5344,3.7465
2006-10-31,3.7747,3.7747,3.6758,3.7323
2006-11-01,3.7394,3.7535,3.6404,3.7253
2006-11-02,3.6546,3.7182,3.6051,3.6828
2006-11-03,3.7253,3.7394,3.6192,3.7182
2006-11-06,3.7323,3.7606,3.6828,3.6899
2006-11-07,3.6758,3.7747,3.6616,3.7323
2006-11-08,3.6721,3.7926,3.6508,3.7359
2006-11-09,3.7571,3.7571,3.6862,3.7571
2006-11-10,3.7500,3.7997,3.7359,3.7429
2006-11-13,3.7500,3.7926,3.7500,3.7926
2006-11-14,3.7784,3.8138,3.7217,3.7571
2006-11-15,3.7926,3.7926,3.7429,3.7855
2006-11-16,3.7926,3.8564,3.7571,3.8209
2006-11-17,3.8280,3.8280,3.7642,3.8280
2006-11-20,3.8422,3.8989,3.8422,3.8776
2006-11-21,3.8705,3.8918,3.8280,3.8351
2006-11-22,3.8918,3.8989,3.7571,3.8067
2006-11-24,3.7989,3.7989,3.7571,3.7571
2006-11-27,3.7571,3.7784,3.6933,3.6933
2006-11-28,3.6933,3.7075,3.6366,3.6437
2006-11-29,3.6721,3.7288,3.6579,3.7004
2006-11-30,3.6933,3.8138,3.6437,3.7500
2006-12-01,3.7359,3.7784,3.6366,3.7288
2006-12-04,3.7500,3.7855,3.6862,3.7075
2006-12-05,3.7288,3.8067,3.7288,3.7926
2006-12-06,3.7713,3.8138,3.7713,3.7997
2006-12-07,3.7997,3.9060,3.7571,3.8138
2006-12-08,3.8067,3.8564,3.6933,3.7784
2006-12-11,3.7855,3.8280,3.7784,3.7855
2006-12-12,3.7926,3.8493,3.7713,3.7997
2006-12-13,3.8351,3.8351,3.7500,3.7713
2006-12-14,3.8344,3.8635,3.7217,3.7642
2006-12-15,3.7571,3.8209,3.7571,3.7855
2006-12-18,3.7855,3.7855,3.7217,3.7500
2006-12-19,3.7429,3.7855,3.7146,3.7288
2006-12-20,3.7500,3.7784,3.6933,3.7217
2006-12-21,3.7359,3.7429,3.6437,3.7075
2006-12-22,3.7217,3.7642,3.6437,3.7500
2006-12-26,3.7571,3.7855,3.7359,3.7784
2006-12-27,3.7429,3.7571,3.6508,3.7217
2006-12-28,3.7075,3.7784,3.6650,3.7004
2006-12-29,3.7004,3.7855,3.6721,3.7642
2007-01-03,3.7855,3.7855,3.6437,3.6508
2007-01-04,3.6508,3.7713,3.6508,3.7571
2007-01-05,3.6791,3.7359,3.6366,3.7217
2007-01-08,3.7146,3.7146,3.6153,3.6650
2007-01-09,3.6579,3.6791,3.6153,3.6721
2007-01-10,3.6650,3.6721,3.6224,3.6508
2007-01-11,3.6508,3.6862,3.6366,3.6791
2007-01-12,3.6721,3.7075,3.6579,3.7075
2007-01-16,3.7075,3.7217,3.6862,3.7146
2007-01-17,3.6791,3.7217,3.6721,3.6862
2007-01-18,3.6579,3.6933,3.6437,3.6437
2007-01-19,3.6366,3.7146,3.6295,3.7004
2007-01-22,3.6933,3.7217,3.6862,3.7146
2007-01-23,3.6791,3.7784,3.6791,3.7784
2007-01-24,3.7855,3.8138,3.7642,3.8138
2007-01-25,3.8138,3.8493,3.7713,3.8280
2007-01-26,3.8493,3.8493,3.7713,3.8067
2007-01-29,3.7997,3.8918,3.7997,3.8918
2007-01-30,3.8989,3.8989,3.8351,3.8776
2007-01-31,3.8280,3.8635,3.7997,3.8422
2007-02-01,3.8564,3.9273,3.8493,3.9202
2007-02-02,3.9131,3.9698,3.9131,3.9414
2007-02-05,3.9202,3.9556,3.8564,3.8918
2007-02-06,3.8564,3.9273,3.8564,3.8918
2007-02-07,3.8882,3.9380,3.8811,3.9024
2007-02-08,3.9024,3.9309,3.8669,3.9024
2007-02-09,3.9096,3.9167,3.8740,3.9096
2007-02-12,3.9167,3.9519,3.8740,3.9096
2007-02-13,3.9238,3.9451,3.8953,3.9451
2007-02-14,3.9380,3.9735,3.8953,3.9024
2007-02-15,3.8953,3.9593,3.8669,3.9024
2007-02-16,3.9024,3.9024,3.8243,3.8456
2007-02-20,3.7745,3.9522,3.7745,3.9096
2007-02-21,3.8598,3.9096,3.8598,3.8811
2007-02-22,3.8953,3.8953,3.8029,3.8598
2007-02-23,3.8527,3.8953,3.7816,3.8882
2007-02-26,3.8811,3.9167,3.8527,3.8953
2007-02-27,3.7745,3.8811,3.6608,3.7674
2007-02-28,3.7674,3.8527,3.7318,3.7745
2007-03-01,3.7674,3.9024,3.7674,3.8740
2007-03-02,3.8527,3.8740,3.7816,3.8456
2007-03-05,3.8313,3.8669,3.7816,3.8100
2007-03-06,3.8385,3.9024,3.8385,3.8811
2007-03-07,3.8669,3.8811,3.8029,3.8243
2007-03-08,3.8456,3.8740,3.8100,3.8314
2007-03-09,3.8598,3.8598,3.7887,3.8314
2007-03-12,3.8385,3.8740,3.8171,3.8740
2007-03-13,3.8385,3.8953,3.8243,3.8314
2007-03-14,3.8243,3.8669,3.8243,3.8527
2007-03-15,3.8456,3.8740,3.7461,3.7745
2007-03-16,3.7674,3.7887,3.7318,3.7532
2007-03-19,3.8100,3.8100,3.7318,3.7745
2007-03-20,3.7674,3.8456,3.7674,3.8456
2007-03-21,3.8527,3.8527,3.8100,3.8385
2007-03-22,3.8598,3.8740,3.7887,3.8100
2007-03-23,3.7958,3.8243,3.7674,3.8029
2007-03-26,3.7958,3.8243,3.7318,3.7958
2007-03-27,3.7816,3.8100,3.7674,3.8100
2007-03-28,3.7816,3.7816,3.7390,3.7816
2007-03-29,3.8100,3.8100,3.7034,3.7532
2007-03-30,3.7532,3.8029,3.7318,3.7318
2007-04-02,3.7318,3.8171,3.7105,3.8171
2007-04-03,3.8243,3.8740,3.8243,3.8673
2007-04-04,3.8669,3.8953,3.8385,3.8669
2007-04-05,3.8669,3.8669,3.8029,3.8100
2007-04-09,3.8243,3.8314,3.7674,3.7816
2007-04-10,3.7745,3.7958,3.7390,3.7745
2007-04-11,3.7816,3.8100,3.7318,3.7816
2007-04-12,3.7674,3.8385,3.7461,3.8385
2007-04-13,3.7887,3.8740,3.7887,3.8385
2007-04-16,3.8669,3.8953,3.8527,3.8811
2007-04-17,3.8882,4.0517,3.8527,4.0375
2007-04-18,4.0020,4.1583,3.9806,4.0375
2007-04-19,4.0020,4.1370,3.9451,4.1157
2007-04-20,4.1868,4.1868,4.0304,4.0517
2007-04-23,4.0446,4.1726,4.0446,4.1512
2007-04-24,4.1228,4.1726,4.0873,4.1726
2007-04-25,4.1655,4.1939,4.0517,4.0517
2007-04-26,3.9806,4.0517,3.8527,3.9522
2007-04-27,3.9096,4.0020,3.8598,3.9309
2007-04-30,3.9309,4.0020,3.9096,3.9877
2007-05-01,3.9806,4.0944,3.9380,4.0944
2007-05-02,4.0873,4.5493,4.0517,4.2863
2007-05-03,4.2934,4.4924,4.2934,4.4427
2007-05-04,4.4640,4.4640,4.2294,4.2650
2007-05-07,4.2650,4.2863,4.1370,4.2579
2007-05-08,4.2044,4.2614,4.1545,4.2614
2007-05-09,4.2400,4.3042,4.2115,4.2899
2007-05-10,4.2543,4.2614,4.0690,4.1331
2007-05-11,4.1688,4.1902,4.0049,4.0120
2007-05-14,4.0619,4.1331,4.0619,4.1189
2007-05-15,4.1046,4.1545,4.0049,4.0263
2007-05-16,4.0334,4.0334,3.9407,3.9764
2007-05-17,3.9621,4.0619,3.9051,4.0548
2007-05-18,4.0548,4.1189,3.9906,4.1046
2007-05-21,4.0975,4.1545,3.9479,3.9977
2007-05-22,3.9977,4.0975,3.9906,4.0833
2007-05-23,4.0975,4.1260,4.0263,4.0690
2007-05-24,4.0619,4.0904,3.9835,4.0191
2007-05-25,4.0619,4.1046,4.0334,4.1046
2007-05-29,4.1118,4.1545,4.0690,4.0904
2007-05-30,4.0761,4.1331,4.0263,4.0405
2007-05-31,4.0405,4.1331,4.0405,4.0833
2007-06-01,4.0904,4.1331,4.0263,4.0263
2007-06-04,3.9906,4.0263,3.9764,4.0049
2007-06-05,3.9906,4.0690,3.9835,4.0619
2007-06-06,4.0405,4.1759,4.0263,4.1759
2007-06-07,4.1616,4.2329,4.1403,4.1474
2007-06-08,4.1973,4.2329,4.1545,4.2115
2007-06-11,4.2757,4.2757,4.1902,4.2115
2007-06-12,4.1830,4.2543,4.1830,4.2258
2007-06-13,4.2258,4.2757,4.2115,4.2258
2007-06-14,4.2970,4.3327,4.2044,4.2115
2007-06-15,4.3113,4.4894,4.2329,4.2685
2007-06-18,4.2685,4.2899,4.2472,4.2757
2007-06-19,4.2614,4.2899,4.2472,4.2757
2007-06-20,4.2757,4.2757,4.2472,4.2757
2007-06-21,4.2614,4.3255,4.2543,4.3184
2007-06-22,4.3184,4.4039,4.2543,4.2757
2007-06-25,4.3469,4.4039,4.2614,4.2685
2007-06-26,4.3042,4.3113,4.2543,4.2685
2007-06-27,4.2757,4.3826,4.2472,4.3184
2007-06-28,4.2899,4.4182,4.2685,4.3255
2007-06-29,4.3327,4.4396,4.2329,4.3184
2007-07-02,4.2899,4.3398,4.2685,4.2899
2007-07-03,4.2757,4.2970,4.2685,4.2899
2007-07-05,4.2757,4.3469,4.2757,4.3398
2007-07-06,4.3398,4.3683,4.3113,4.3683
2007-07-09,4.3754,4.3897,4.3327,4.3612
2007-07-10,4.3255,4.3897,4.3255,4.3398
2007-07-11,4.3612,4.3683,4.3113,4.3398
2007-07-12,4.3398,4.4467,4.2614,4.3683
2007-07-13,4.3968,4.4823,4.3968,4.4752
2007-07-16,4.4538,4.4823,4.4481,4.4609
2007-07-17,4.4396,4.4467,4.1830,4.2329
2007-07-18,4.2400,4.2970,4.1973,4.2685
2007-07-19,4.3469,4.3897,4.2757,4.3113
2007-07-20,4.2899,4.2970,4.2258,4.2685
2007-07-23,4.2685,4.2899,4.2400,4.2685
2007-07-24,4.2614,4.2899,4.2596,4.2757
2007-07-25,4.2757,4.3042,4.2044,4.2044
2007-07-26,4.1688,4.2400,4.0975,4.2400
2007-07-27,4.1973,4.2187,4.1331,4.1830
2007-07-30,4.1688,4.2187,4.1260,4.1260
2007-07-31,4.0975,4.1688,4.0690,4.1474
2007-08-01,4.0975,4.1830,4.0761,4.1830
2007-08-02,4.1331,4.1830,4.1189,4.1688
2007-08-03,4.1688,4.1902,4.1403,4.1688
2007-08-06,4.1403,4.1759,4.0975,4.1688
2007-08-07,4.1403,4.2757,4.1403,4.2685
2007-08-08,4.3007,4.4507,4.2507,4.2721
2007-08-09,4.2435,4.3435,4.2435,4.2792
2007-08-10,4.2507,4.2507,4.0792,4.0935
2007-08-13,4.0935,4.0935,3.8935,3.8935
2007-08-14,3.8578,3.9220,3.8149,3.9077
2007-08-15,3.8220,3.9220,3.7649,3.9220
2007-08-16,3.9078,3.9721,3.8649,3.9363
2007-08-17,4.0363,4.4078,3.9935,4.2864
2007-08-20,4.1435,4.2507,4.0721,4.2435
2007-08-21,4.2221,4.2864,4.2149,4.2864
2007-08-22,4.2507,4.4650,4.1435,4.2650
2007-08-23,4.2864,4.2864,4.1435,4.2221
2007-08-24,4.2578,4.2578,4.0864,4.1792
2007-08-27,4.1507,4.2149,4.1078,4.1935
2007-08-28,4.1935,4.2007,4.0721,4.1792
2007-08-29,4.1864,4.1935,4.1435,4.1649
2007-08-30,4.1435,4.2221,4.0721,4.2221
2007-08-31,4.2149,4.2864,4.2007,4.2507
2007-09-04,4.2792,4.3364,4.2507,4.3221
2007-09-05,4.3007,4.3578,4.2864,4.3007
2007-09-06,4.2864,4.3507,4.2792,4.3150
2007-09-07,4.3007,4.4864,4.3007,4.4078
2007-09-10,4.4578,4.4578,4.2935,4.3578
2007-09-11,4.3935,4.4578,4.3793,4.4221
2007-09-12,4.4650,4.4793,4.4078,4.4150
2007-09-13,4.4578,4.4793,4.4078,4.4793
2007-09-14,4.4793,4.4936,4.3221,4.3650
2007-09-17,4.3864,4.4936,4.3864,4.4864
2007-09-18,4.4863,4.5293,4.4650,4.5007
2007-09-19,4.5293,4.5579,4.4293,4.4507
2007-09-20,4.4507,4.5007,4.4364,4.4507
2007-09-21,4.5007,4.5364,4.4293,4.4507
2007-09-24,4.4864,4.5721,4.4650,4.5364
2007-09-25,4.5650,4.5864,4.5364,4.5436
2007-09-26,4.5650,4.5936,4.5364,4.5793
2007-09-27,4.5722,4.6222,4.5650,4.6222
2007-09-28,4.6293,4.6436,4.5721,4.6222
2007-10-01,4.6222,4.8722,4.6007,4.7722
2007-10-02,4.7579,4.8150,4.6436,4.6436
2007-10-03,4.6579,4.7150,4.6270,4.7150
2007-10-04,4.6722,4.6722,4.6079,4.6507
2007-10-05,4.6793,4.7793,4.6722,4.7436
2007-10-08,4.7007,4.7150,4.6579,4.6722
2007-10-09,4.6436,4.6722,4.6150,4.6436
2007-10-10,4.6079,4.6865,4.6079,4.6793
2007-10-11,4.6936,4.7079,4.6436,4.6936
2007-10-12,4.6436,4.7150,4.6293,4.7150
2007-10-15,4.6865,4.7150,4.6436,4.6936
2007-10-16,4.6436,4.7079,4.6436,4.7079
2007-10-17,4.6436,4.7793,4.6222,4.7007
2007-10-18,4.7365,4.7650,4.6222,4.6436
2007-10-19,4.6722,4.6722,4.5364,4.5364
2007-10-22,4.5436,4.5436,4.4436,4.4721
2007-10-23,4.5364,4.5579,4.5007,4.5221
2007-10-24,4.5079,4.5079,4.4721,4.5007
2007-10-25,4.5721,4.6222,4.5007,4.6222
2007-10-26,4.6007,4.7079,4.5721,4.7007
2007-10-29,4.7507,4.8008,4.6293,4.6650
2007-10-30,4.6650,4.7007,4.5793,4.5936
2007-10-31,4.6222,4.6650,4.5150,4.6007
2007-11-01,4.6150,4.6793,4.6150,4.6793
2007-11-02,4.7365,4.7365,4.6079,4.6793
2007-11-05,4.6507,4.6507,4.5436,4.6507
2007-11-06,4.6436,4.8008,4.6150,4.8008
2007-11-07,4.7402,4.8118,4.6543,4.6614
2007-11-08,4.6829,4.6973,4.5970,4.6973
2007-11-09,4.6543,4.7044,4.6185,4.6614
2007-11-12,4.6829,4.7187,4.6256,4.6471
2007-11-13,4.6400,4.6543,4.6328,4.6328
2007-11-14,4.6614,4.6901,4.6185,4.6256
2007-11-15,4.6113,4.6400,4.6042,4.6400
2007-11-16,4.6256,4.8261,4.6185,4.8261
2007-11-19,4.7689,4.8333,4.7546,4.8333
2007-11-20,4.8333,4.8333,4.7402,4.7760
2007-11-21,4.7116,4.7259,4.6901,4.7044
2007-11-23,4.6614,4.7259,4.6614,4.7259
2007-11-26,4.8047,4.8047,4.5125,4.5684
2007-11-27,4.6400,4.6973,4.5827,4.6973
2007-11-28,4.7903,4.7975,4.5827,4.6686
2007-11-29,4.6686,4.6829,4.6400,4.6614
2007-11-30,4.8333,4.9335,4.7474,4.8691
2007-12-03,4.8691,4.9192,4.8476,4.8834
2007-12-04,4.8476,4.9049,4.7402,4.7545
2007-12-05,4.7545,4.7832,4.7187,4.7545
2007-12-06,4.6758,4.7832,4.6758,4.7760
2007-12-07,4.7903,4.8261,4.7545,4.8047
2007-12-10,4.7760,4.8333,4.7545,4.8333
2007-12-11,4.8047,4.8691,4.8047,4.8333
2007-12-12,4.8118,4.8548,4.7975,4.8405
2007-12-13,4.9121,4.9121,4.7975,4.8261
2007-12-14,4.7331,4.7739,4.6973,4.7331
2007-12-17,4.6901,4.7402,4.6829,4.7044
2007-12-18,4.7044,4.7187,4.6758,4.7116
2007-12-19,4.6973,4.7187,4.6865,4.7044
2007-12-20,4.6973,4.7617,4.6829,4.7617
2007-12-21,4.7474,4.7617,4.6973,4.7187
2007-12-24,4.6686,4.7545,4.6686,4.7545
2007-12-26,4.7402,4.7832,4.7187,4.7689
2007-12-27,4.7116,4.7474,4.6614,4.6614
2007-12-28,4.6758,4.6973,4.6758,4.6829
2007-12-31,4.6328,4.6901,4.6328,4.6901
2008-01-02,4.7187,4.7402,4.7116,4.7331
2008-01-03,4.7331,4.7617,4.7044,4.7259
2008-01-04,4.6400,4.6471,4.5469,4.5540
2008-01-07,4.5182,4.6042,4.4180,4.5970
2008-01-08,4.6400,4.6758,4.5970,4.6758
2008-01-09,4.5254,4.8190,4.4037,4.8118
2008-01-10,4.7689,4.8977,4.7689,4.8691
2008-01-11,4.8405,4.9121,4.7187,4.7474
2008-01-14,4.8261,4.8619,4.7689,4.8405
2008-01-15,4.7903,4.8476,4.6973,4.7975
2008-01-16,4.7903,4.9049,4.7832,4.9049
2008-01-17,4.9407,4.9693,4.8047,4.8763
2008-01-18,4.9335,4.9478,4.7187,4.7689
2008-01-22,4.6543,4.7689,4.6471,4.7545
2008-01-23,4.7474,4.8977,4.6185,4.8834
2008-01-24,4.7545,4.8977,4.7116,4.8261
2008-01-25,4.8333,4.9049,4.8261,4.8763
2008-01-28,4.8691,5.0123,4.8047,5.0123
2008-01-29,5.1484,5.4992,5.0624,5.0696
2008-01-30,5.1054,5.1054,4.9908,4.9908
2008-01-31,5.0195,5.0338,4.9550,4.9837
2008-02-01,5.0266,5.0338,4.9479,5.0195
2008-02-04,5.0266,5.0338,4.9908,5.0051
2008-02-05,4.9479,4.9908,4.8619,4.8691
2008-02-06,4.8655,4.9014,4.8440,4.8798
2008-02-07,4.8153,4.9660,4.8153,4.9373
2008-02-08,4.9660,5.0162,4.9444,5.0018
2008-02-11,5.0090,5.0449,4.9516,4.9947
2008-02-12,4.9229,4.9875,4.9157,4.9660
2008-02-13,4.9660,5.0162,4.9588,4.9875
2008-02-14,4.9444,4.9875,4.9229,4.9875
2008-02-15,4.9444,4.9731,4.9301,4.9588
2008-02-19,4.8870,4.9516,4.8368,4.8583
2008-02-20,4.8296,4.9875,4.8296,4.9875
2008-02-21,5.0018,5.0449,4.8727,5.0449
2008-02-22,5.0234,5.0234,4.9588,5.0090
2008-02-25,5.0162,5.0521,4.9516,5.0521
2008-02-26,4.9875,5.0162,4.9731,5.0162
2008-02-27,4.9660,5.0162,4.9516,5.0162
2008-02-28,5.0162,5.0162,4.9444,4.9803
2008-02-29,4.9516,4.9803,4.9516,4.9588
2008-03-03,4.8655,4.9157,4.8368,4.9085
2008-03-04,4.8870,4.9229,4.8368,4.8942
2008-03-05,4.8798,4.9875,4.8798,4.9803
2008-03-06,4.9301,4.9444,4.8583,4.9373
2008-03-07,4.9157,4.9157,4.8655,4.9014
2008-03-10,4.8727,4.8727,4.7722,4.7937
2008-03-11,4.8511,4.8942,4.6789,4.8583
2008-03-12,4.8224,4.9157,4.8224,4.8727
2008-03-13,4.8440,4.9014,4.8009,4.8942
2008-03-14,4.8655,4.8870,4.7004,4.7650
2008-03-17,4.7578,4.7578,4.6287,4.6861
2008-03-18,4.7578,4.7650,4.6646,4.6646
2008-03-19,4.6502,4.6717,4.4780,4.4780
2008-03-20,4.4564,4.4851,3.9756,4.1263
2008-03-24,4.0905,4.1981,4.0905,4.1909
2008-03-25,4.1048,4.4062,4.0689,4.3775
2008-03-26,4.3560,4.3847,4.2842,4.3560
2008-03-27,4.3560,4.4134,4.2986,4.3201
2008-03-28,4.3057,4.4134,4.2914,4.4134
2008-03-31,4.3990,4.4421,4.3883,4.4213
2008-04-01,4.4062,4.4493,4.3057,4.3488
2008-04-02,4.3057,4.3775,4.2914,4.3129
2008-04-03,4.2483,4.3129,4.0761,4.1192
2008-04-04,4.1335,4.3129,4.1335,4.3129
2008-04-07,4.3201,4.4780,4.3129,4.3488
2008-04-08,4.3057,4.4277,4.3057,4.4206
2008-04-09,4.3847,4.4421,4.3057,4.3990
2008-04-10,4.3632,4.4349,4.3416,4.4349
2008-04-11,4.3919,4.4564,4.3847,4.4206
2008-04-14,4.4134,4.4134,4.3344,4.4062
2008-04-15,4.3847,4.4349,4.3775,4.4206
2008-04-16,4.4636,4.5354,4.4134,4.5067
2008-04-17,4.4636,4.6789,4.4493,4.5784
2008-04-18,4.6502,4.7363,4.6215,4.7004
2008-04-21,4.7076,4.7507,4.7076,4.7363
2008-04-22,4.7291,4.7794,4.7291,4.7722
2008-04-23,4.7363,4.7363,4.5928,4.5928
2008-04-24,4.6071,4.6933,4.2340,4.6646
2008-04-25,4.6646,4.7004,4.6000,4.6646
2008-04-28,4.6789,4.6861,4.6430,4.6502
2008-04-29,4.6358,4.6574,4.4995,4.5139
2008-04-30,4.4349,4.5210,4.3775,4.3919
2008-05-01,4.3919,4.4421,4.3273,4.3560
2008-05-02,4.3703,4.4206,4.3344,4.4062
2008-05-05,4.3775,4.3919,4.3201,4.3488
2008-05-06,4.3775,4.3775,4.2699,4.2914
2008-05-07,4.2877,4.3453,4.2806,4.3093
2008-05-08,4.3525,4.3525,4.2230,4.2806
2008-05-09,4.2302,4.2518,4.1798,4.2374
2008-05-12,4.2374,4.3093,4.2302,4.2302
2008-05-13,4.2086,4.2590,4.2086,4.2590
2008-05-14,4.2949,4.3813,4.2374,4.3669
2008-05-15,4.3741,4.5611,4.3237,4.5395
2008-05-16,4.5252,4.5683,4.5108,4.5683
2008-05-19,4.5539,4.5827,4.5539,4.5683
2008-05-20,4.5683,4.5683,4.5467,4.5467
2008-05-21,4.5324,4.5539,4.4244,4.4460
2008-05-22,4.4316,4.4532,4.3021,4.3309
2008-05-23,4.3525,4.3813,4.3309,4.3309
2008-05-27,4.3885,4.4316,4.3165,4.3165
2008-05-28,4.3597,4.3813,4.3309,4.3453
2008-05-29,4.3381,4.6115,4.2446,4.5683
2008-05-30,4.5971,4.6762,4.4676,4.4748
2008-06-02,4.5252,4.5252,4.3525,4.3525
2008-06-03,4.4100,4.4100,4.3165,4.3957
2008-06-04,4.4244,4.5539,4.3309,4.3885
2008-06-05,4.4604,4.4604,4.3525,4.4604
2008-06-06,4.4029,4.4316,4.3525,4.3525
2008-06-09,4.3813,4.4172,4.3597,4.3813
2008-06-10,4.4100,4.4532,4.3885,4.4460
2008-06-11,4.4029,4.4604,4.3741,4.4388
2008-06-12,4.4604,4.5324,4.4388,4.5252
2008-06-13,4.5395,4.5827,4.3885,4.4604
2008-06-16,4.4964,4.4964,4.4244,4.4604
2008-06-17,4.5252,4.5539,4.4604,4.5324
2008-06-18,4.5899,4.5899,4.4604,4.4604
2008-06-19,4.3885,4.3885,4.2518,4.2806
2008-06-20,4.1583,4.3165,4.0000,4.1367
2008-06-23,4.2446,4.2662,4.0719,4.1367
2008-06-24,4.1726,4.1726,3.9928,4.0863
2008-06-25,4.1367,4.1367,4.0575,4.0575
2008-06-26,4.0791,4.1079,3.8201,3.8489
2008-06-27,3.7913,4.0144,3.4316,3.5396
2008-06-30,3.5396,3.7266,3.3885,3.6619
2008-07-01,3.6978,3.6978,3.3885,3.4604
2008-07-02,3.3813,3.4101,3.2734,3.3093
2008-07-03,3.3381,3.3381,3.2949,3.3021
2008-07-07,3.3237,3.3237,3.1151,3.1151
2008-07-08,3.1583,3.1583,3.0503,3.0863
2008-07-09,3.0935,3.1223,2.9424,2.9424
2008-07-10,2.9424,3.0144,2.8849,3.0144
2008-07-11,2.8777,3.0432,2.8777,2.9784
2008-07-14,3.0935,3.0935,2.9712,3.0216
2008-07-15,2.9352,3.1367,2.8489,3.0144
2008-07-16,3.0432,3.1655,2.9137,3.1007
2008-07-17,3.1223,3.1223,3.0503,3.1079
2008-07-18,3.1223,3.1583,3.0791,3.0935
2008-07-21,3.0863,3.0863,3.0503,3.0863
2008-07-22,3.0935,3.1439,3.0575,3.0791
2008-07-23,3.1295,3.1726,3.0072,3.0360
2008-07-24,3.3093,3.4101,3.0072,3.1367
2008-07-25,3.1870,3.2949,3.1439,3.1942
2008-07-28,3.2086,3.2302,3.0072,3.0072
2008-07-29,3.0503,3.1655,3.0144,3.1439
2008-07-30,3.2014,3.2302,2.9424,3.2230
2008-07-31,3.2302,3.2374,3.1079,3.2230
2008-08-01,3.2014,3.2158,3.1079,3.1942
2008-08-04,3.1870,3.2302,3.1295,3.2014
2008-08-05,3.2302,3.2734,3.1583,3.1942
2008-08-06,3.1978,3.2411,3.1111,3.2194
2008-08-07,3.1472,3.3638,3.1472,3.3349
2008-08-08,3.3493,3.4432,3.2555,3.4287
2008-08-11,3.4360,3.5442,3.4071,3.5442
2008-08-12,3.5370,3.6092,3.5370,3.5515
2008-08-13,3.5875,4.1506,3.5587,4.1145
2008-08-14,4.1506,4.1506,3.9268,4.0134
2008-08-15,4.2228,4.2588,3.7319,3.8835
2008-08-18,3.8979,3.8979,3.8113,3.8835
2008-08-19,3.8546,3.8546,3.6453,3.6597
2008-08-20,3.6525,3.6886,3.6020,3.6309
2008-08-21,3.5731,3.5803,3.3927,3.4215
2008-08-22,3.4793,3.6669,3.4143,3.6597
2008-08-25,3.5370,3.5705,3.5226,3.5370
2008-08-26,3.5803,3.6020,3.5370,3.5515
2008-08-27,3.5442,3.5587,3.4937,3.5442
2008-08-28,3.4937,3.7536,3.4432,3.7536
2008-08-29,3.7279,3.7464,3.5948,3.6020
2008-09-02,3.7536,3.7969,3.6958,3.7103
2008-09-03,3.7536,3.7536,3.6092,3.7103
2008-09-04,3.6309,3.6814,3.5370,3.5803
2008-09-05,3.6092,3.7391,3.5442,3.7319
2008-09-08,3.7536,3.7969,3.6597,3.7969
2008-09-09,3.8041,3.9701,3.7824,3.9196
2008-09-10,3.9918,4.1217,3.9340,4.1217
2008-09-11,4.1145,4.1722,4.0928,4.1722
2008-09-12,4.2300,4.2300,3.8979,4.1434
2008-09-15,3.8185,4.2950,3.8185,4.0423
2008-09-16,3.8402,4.1145,3.4071,4.1145
2008-09-17,4.0856,4.1001,3.8907,3.8979
2008-09-18,4.0207,4.1867,3.7103,4.1867
2008-09-19,4.3527,4.5259,3.8618,4.4393
2008-09-22,4.3310,4.5404,3.9268,3.9412
2008-09-23,3.6814,3.8546,3.5875,3.7030
2008-09-24,4.1073,4.2083,3.9412,4.1217
2008-09-25,4.0423,4.1145,3.8979,4.0712
2008-09-26,4.0495,4.2300,4.0495,4.0856
2008-09-29,3.9918,4.2444,3.9485,4.1217
2008-09-30,4.2011,4.3960,3.9340,3.9340
2008-10-01,3.9773,4.0928,3.8258,3.8258
2008-10-02,3.8041,3.8402,3.6814,3.7752
2008-10-03,3.8113,3.9340,3.7175,3.7391
2008-10-06,3.6886,3.8113,3.3132,3.6164
2008-10-07,3.6381,3.8113,3.2988,3.2988
2008-10-08,3.1772,3.4865,3.1039,3.2916
2008-10-09,3.3060,3.3060,2.6347,2.6347
2008-10-10,2.5264,3.2194,2.3893,3.1905
2008-10-13,3.4793,3.6381,3.4215,3.5803
2008-10-14,3.6453,3.6453,2.5481,2.5481
2008-10-15,2.6058,2.6564,2.3676,2.3676
2008-10-16,2.3821,2.8874,2.3460,2.8874
2008-10-17,2.7574,2.7574,2.4109,2.4326
2008-10-20,2.4687,2.6347,2.4687,2.6275
2008-10-21,2.5986,2.7430,2.4615,2.4831
2008-10-22,2.4543,2.4543,2.3171,2.3676
2008-10-23,2.3676,2.4470,1.5303,1.5953
2008-10-24,1.6025,1.6025,1.4148,1.4798
2008-10-27,1.5231,1.6025,1.4365,1.4365
2008-10-28,1.4581,1.6025,1.3065,1.5592
2008-10-29,1.7757,1.8046,1.4689,1.4726
2008-10-30,1.5520,1.6241,1.4798,1.5736
2008-10-31,1.5736,1.5953,1.4076,1.5447
2008-11-03,1.5447,1.6169,1.3715,1.4148
2008-11-04,1.4509,1.5014,1.4148,1.4509
2008-11-05,1.4437,1.5447,1.2127,1.3715
2008-11-06,1.3819,1.6728,1.3601,1.4401
2008-11-07,1.4473,1.4830,1.4110,1.4401
2008-11-10,1.4619,1.5928,1.4473,1.4546
2008-11-11,1.4473,1.5273,1.4255,1.4910
2008-11-12,1.4837,1.5055,1.4401,1.4619
2008-11-13,1.4183,1.4546,1.3237,1.4255
2008-11-14,1.4183,1.4183,1.2146,1.2510
2008-11-17,1.2582,1.3673,1.2582,1.2946
2008-11-18,1.3237,1.3310,1.1637,1.1928
2008-11-19,1.1855,1.2364,1.0401,1.0546
2008-11-20,1.0546,1.0546,0.8873,0.9019
2008-11-21,0.9019,0.9019,0.7128,0.8437
2008-11-24,0.9455,0.9964,0.7273,0.8146
2008-11-25,0.8219,0.8219,0.7419,0.8000
2008-11-26,0.7855,1.0037,0.7491,1.0037
2008-11-28,1.0182,1.0982,0.9673,1.0910
2008-12-01,1.0255,1.0691,0.8800,0.8800
2008-12-02,0.8655,1.0546,0.8582,0.9600
2008-12-03,0.9891,1.0910,0.8873,1.0691
2008-12-04,1.0619,1.1055,1.0110,1.0110
2008-12-05,1.0037,1.1128,0.9891,1.0546
2008-12-08,1.0764,1.1710,0.9819,1.0473
2008-12-09,1.0401,1.0401,0.7855,0.8146
2008-12-10,0.8000,1.1201,0.8000,0.8437
2008-12-11,0.7564,0.8364,0.7564,0.7637
2008-12-12,0.7564,0.8146,0.7564,0.7855
2008-12-15,0.7855,0.8291,0.7564,0.7637
2008-12-16,0.7709,0.7782,0.7564,0.7709
2008-12-17,0.8146,0.9455,0.8000,0.9382
2008-12-18,0.9455,1.0182,0.9091,0.9310
2008-12-19,1.0037,1.0110,0.9091,0.9091
2008-12-22,0.9091,0.9455,0.9019,0.9455
2008-12-23,0.9091,0.9091,0.8510,0.8655
2008-12-24,0.8655,0.8728,0.8364,0.8655
2008-12-26,0.8655,0.9455,0.8655,0.9164
2008-12-29,0.8873,0.9600,0.7637,0.7855
2008-12-30,0.7637,0.8364,0.7637,0.8146
2008-12-31,0.8219,0.9528,0.8192,0.9455
2009-01-02,0.9455,1.0910,0.8873,1.0764
2009-01-05,1.1637,1.1710,1.1273,1.1564
2009-01-06,1.2001,1.2001,1.0401,1.1055
2009-01-07,1.0837,1.1564,1.0764,1.1201
2009-01-08,1.0546,1.2001,1.0546,1.1855
2009-01-09,1.2292,1.2292,1.1273,1.1346
2009-01-12,1.1346,1.1710,1.0546,1.0619
2009-01-13,1.0619,1.0619,0.9528,0.9746
2009-01-14,0.9455,1.0764,0.8073,0.9091
2009-01-15,0.8364,1.0110,0.8364,0.9237
2009-01-16,0.9455,0.9819,0.9019,0.9746
2009-01-20,0.9819,0.9819,0.9091,0.9091
2009-01-21,0.9164,1.0182,0.9164,1.0182
2009-01-22,0.9891,1.0110,0.9164,0.9164
2009-01-23,0.9091,0.9455,0.8219,0.8510
2009-01-26,0.8510,0.9600,0.8437,0.9091
2009-01-27,0.9091,1.0982,0.9091,1.0982
2009-01-28,1.0764,1.3746,1.0764,1.3528
2009-01-29,1.3382,1.3382,1.1346,1.1637
2009-01-30,1.1782,1.1855,1.0691,1.1273
2009-02-02,1.1273,1.2873,1.1128,1.2437
2009-02-03,1.2582,1.4546,1.1201,1.4546
2009-02-04,1.4910,1.6364,1.1201,1.5710
2009-02-05,1.5637,1.7092,1.5637,1.6801
2009-02-06,1.6866,1.9348,1.6866,1.8910
2009-02-09,1.8910,1.8910,1.7085,1.7523
2009-02-10,1.7304,1.8180,1.7012,1.7523
2009-02-11,1.7669,1.7669,1.6282,1.6282
2009-02-12,1.6063,1.6428,1.5259,1.5844
2009-02-13,1.5186,1.7523,1.5186,1.6866
2009-02-17,1.5990,1.6501,1.3069,1.4018
2009-02-18,1.4164,1.7523,1.3799,1.6063
2009-02-19,1.6355,1.8180,1.6355,1.7012
2009-02-20,1.6866,1.7888,1.5990,1.7450
2009-02-23,1.6574,1.6574,1.4602,1.4602
2009-02-24,1.8253,1.8253,1.4456,1.5259
2009-02-25,1.5040,1.5990,1.3799,1.3799
2009-02-26,1.3872,1.4091,1.1974,1.2412
2009-02-27,1.2193,1.2704,1.0222,1.0222
2009-03-02,1.0003,1.1098,0.9419,0.9419
2009-03-03,0.9565,1.0733,0.9272,0.9272
2009-03-04,0.9419,0.9857,0.8761,0.9565
2009-03-05,0.9272,0.9565,0.9053,0.9053
2009-03-06,0.9126,0.9419,0.8761,0.9345
2009-03-09,0.9857,1.1463,0.9857,0.9857
2009-03-10,1.0222,1.0806,0.9148,1.0514
2009-03-11,1.0587,1.0587,0.9524,1.0368
2009-03-12,1.0003,1.3142,1.0003,1.2339
2009-03-13,1.2120,1.6355,1.1828,1.1974
2009-03-16,1.1609,1.3361,0.9272,1.0149
2009-03-17,1.0222,1.1974,0.9345,1.1974
2009-03-18,1.1974,1.2631,1.1609,1.2339
2009-03-19,1.2558,1.2850,1.1244,1.1682
2009-03-20,1.1828,1.1974,1.1317,1.1317
2009-03-23,1.1755,1.4237,1.1755,1.4237
2009-03-24,1.3945,1.4383,1.2485,1.2777
2009-03-25,1.2850,1.4529,1.2412,1.4529
2009-03-26,1.4894,1.7523,1.4018,1.7523
2009-03-27,1.6720,1.7523,1.3945,1.3945
2009-03-30,1.3872,1.3945,1.2996,1.3434
2009-03-31,1.3653,1.4091,1.2339,1.3507
2009-04-01,1.3507,1.4237,1.3361,1.4018
2009-04-02,1.4456,1.5917,1.4237,1.5917
2009-04-03,1.5332,1.5844,1.4602,1.5113
2009-04-06,1.4821,1.5113,1.4602,1.5040
2009-04-07,1.4893,1.4894,1.4456,1.4456
2009-04-08,1.4456,1.4456,1.4237,1.4456
2009-04-09,1.4748,1.5917,1.4310,1.5332
2009-04-13,1.5186,1.5186,1.4602,1.5040
2009-04-14,1.4894,1.4894,1.3215,1.3726
2009-04-15,1.4018,1.4967,1.3945,1.4237
2009-04-16,1.4383,1.4602,1.4210,1.4602
2009-04-17,1.5113,1.5113,1.3799,1.3872
2009-04-20,1.3726,1.3726,1.2923,1.3069
2009-04-21,1.3069,1.3434,1.2923,1.3142
2009-04-22,1.2923,1.3507,1.2485,1.3507
2009-04-23,1.3580,1.3580,1.1317,1.1317
2009-04-24,1.2047,1.2638,1.1536,1.2266
2009-04-27,1.2047,1.2339,1.1682,1.1901
2009-04-28,1.2120,1.2339,1.1098,1.1390
2009-04-29,1.1463,1.2193,1.0952,1.2193
2009-04-30,1.2412,1.3507,1.1609,1.1609
2009-05-01,1.2412,1.2412,1.1317,1.1390
2009-05-04,1.1463,1.2193,1.1244,1.2193
2009-05-05,1.2047,1.2193,1.1171,1.1317
2009-05-06,1.1610,1.1757,1.1243,1.1390
2009-05-07,1.1537,1.1537,1.1096,1.1316
2009-05-08,1.1463,1.2713,1.1390,1.2713
2009-05-11,1.2859,1.2933,1.2492,1.2859
2009-05-12,1.2786,1.2933,1.2345,1.2492
2009-05-13,1.2198,1.2492,1.1169,1.1169
2009-05-14,1.1463,1.1978,1.1463,1.1684
2009-05-15,1.1757,1.1757,1.1243,1.1463
2009-05-18,1.1757,1.2272,1.1243,1.2272
2009-05-19,1.1904,1.2859,1.1757,1.2125
2009-05-20,1.2125,1.2492,1.2125,1.2419
2009-05-21,1.2345,1.2419,1.2125,1.2345
2009-05-22,1.2419,1.2419,1.1757,1.1757
2009-05-26,1.1610,1.3153,1.1390,1.3006
2009-05-27,1.2786,1.2786,1.1390,1.1757
2009-05-28,1.1684,1.1757,1.1463,1.1684
2009-05-29,1.1757,1.2125,1.1390,1.1537
2009-06-01,1.1904,1.3153,1.1463,1.3153
2009-06-02,1.2786,1.3006,1.1684,1.2125
2009-06-03,1.2125,1.2639,1.1390,1.1978
2009-06-04,1.2051,1.2198,1.1390,1.1684
2009-06-05,1.2272,1.2272,1.1390,1.1757
2009-06-08,1.1904,1.1904,1.1390,1.1757
2009-06-09,1.1831,1.2198,1.1169,1.2198
2009-06-10,1.2492,1.2566,1.1390,1.1390
2009-06-11,1.1390,1.1831,1.1390,1.1537
2009-06-12,1.1390,1.1831,1.0949,1.1316
2009-06-15,1.1390,1.1757,1.1316,1.1390
2009-06-16,1.1610,1.1610,1.1096,1.1316
2009-06-17,1.1243,1.1831,1.1022,1.1831
2009-06-18,1.1757,1.2272,1.1537,1.1684
2009-06-19,1.1978,1.1978,1.1537,1.1831
2009-06-22,1.1904,1.1904,1.0949,1.1537
2009-06-23,1.1610,1.2198,1.0288,1.1463
2009-06-24,1.2051,1.2051,1.0655,1.0875
2009-06-25,1.0728,1.1243,1.0655,1.1096
2009-06-26,1.1096,1.1243,1.0435,1.0435
2009-06-29,1.0508,1.1169,1.0508,1.0655
2009-06-30,1.0361,1.0582,1.0288,1.0435
2009-07-01,1.0435,1.0728,1.0067,1.0655
2009-07-02,0.9994,1.0288,0.9994,1.0067
2009-07-06,0.9847,1.0067,0.9553,0.9920
2009-07-07,0.9626,0.9773,0.9406,0.9553
2009-07-08,0.9406,0.9479,0.9112,0.9185
2009-07-09,0.9185,0.9332,0.8891,0.8891
2009-07-10,0.8891,0.9038,0.8098,0.8965
2009-07-13,0.8965,0.9185,0.8744,0.9112
2009-07-14,0.9112,1.0141,0.9112,0.9332
2009-07-15,0.9185,0.9626,0.9185,0.9406
2009-07-16,0.9626,1.0361,0.9553,1.0288
2009-07-17,1.0288,1.0728,0.9994,1.0582
2009-07-20,1.0361,1.0655,1.0288,1.0288
2009-07-21,1.0288,1.0582,1.0288,1.0361
2009-07-22,1.0508,1.1243,1.0508,1.1022
2009-07-23,1.0802,1.0875,1.0288,1.0875
2009-07-24,1.0728,1.2125,1.0728,1.1390
2009-07-27,1.1169,1.1169,1.1022,1.1022
2009-07-28,1.0875,1.0875,1.0288,1.0435
2009-07-29,1.0435,1.1169,1.0288,1.1169
2009-07-30,1.1390,1.1399,1.0288,1.0288
2009-07-31,1.0361,1.0875,1.0141,1.0288
2009-08-03,0.9773,1.0655,0.9773,1.0361
2009-08-04,1.0361,1.1610,1.0288,1.0288
2009-08-05,1.0214,1.0507,1.0214,1.0288
2009-08-06,1.0141,1.0875,0.9994,1.0728
2009-08-07,1.0582,1.0651,0.9700,1.0288
2009-08-10,1.0141,1.0875,0.9920,1.0067
2009-08-11,0.9920,1.0332,0.9847,1.0288
2009-08-12,1.0067,1.0288,0.9185,0.9773
2009-08-13,0.9920,1.0360,0.9847,0.9920
2009-08-14,1.0141,1.0361,0.9332,1.0067
2009-08-17,1.0435,1.0508,1.0067,1.0435
2009-08-18,1.0435,1.0655,1.0141,1.0655
2009-08-19,1.0728,1.0728,0.9994,1.0141
2009-08-20,1.0508,1.0655,1.0501,1.0508
2009-08-21,1.0728,1.1243,1.0067,1.1243
2009-08-24,1.1610,1.1757,1.1169,1.1684
2009-08-25,1.1390,1.1464,1.1276,1.1463
2009-08-26,1.1463,1.1610,1.1022,1.1316
2009-08-27,1.1537,1.1537,1.1287,1.1463
2009-08-28,1.1169,1.1169,1.0875,1.0958
2009-08-31,1.1096,1.1096,1.0655,1.0655
2009-09-01,1.1092,1.1096,1.0141,1.0141
2009-09-02,1.0214,1.0654,1.0141,1.0582
2009-09-03,1.0728,1.0728,0.9185,1.0508
2009-09-04,1.0288,1.0361,1.0067,1.0361
2009-09-08,1.0288,1.0949,1.0288,1.0294
2009-09-09,1.0288,1.0288,1.0067,1.0288
2009-09-10,1.0288,1.0507,0.9847,1.0288
2009-09-11,1.0141,1.0435,1.0141,1.0435
2009-09-14,1.0655,1.0949,1.0288,1.0802
2009-09-15,1.0361,1.1316,1.0288,1.1316
2009-09-16,1.1096,1.1610,1.1096,1.1610
2009-09-17,1.1684,1.2345,1.1684,1.2051
2009-09-18,1.2125,1.2859,1.0288,1.0288
2009-09-21,1.0655,1.1757,1.0655,1.1390
2009-09-22,1.1684,1.2125,1.1683,1.1757
2009-09-23,1.1757,1.1904,1.1390,1.1904
2009-09-24,1.1904,1.2183,1.1463,1.1463
2009-09-25,1.1463,1.1463,1.0949,1.1022
2009-09-28,1.0508,1.1463,1.0508,1.0949
2009-09-29,1.1390,1.1390,1.1096,1.1169
2009-09-30,1.1169,1.1243,1.1022,1.1022
2009-10-01,1.1243,1.1463,1.1096,1.1096
2009-10-02,1.1096,1.1096,1.0875,1.0875
2009-10-05,1.1316,1.1316,1.1169,1.1243
2009-10-06,1.1463,1.1757,1.1169,1.1169
2009-10-07,1.0949,1.1022,1.0508,1.0508
2009-10-08,1.1096,1.2566,1.0802,1.1020
2009-10-09,1.1169,1.1537,1.0875,1.1096
2009-10-12,1.1169,1.1610,1.1096,1.1610
2009-10-13,1.1538,1.1574,1.0508,1.1022
2009-10-14,1.1096,1.1167,1.0949,1.1022
2009-10-15,1.1463,1.1463,1.0949,1.1022
2009-10-16,1.0067,1.1169,1.0067,1.1096
2009-10-19,1.1339,1.1339,1.1022,1.1022
2009-10-20,1.1096,1.1390,1.1022,1.1169
2009-10-21,1.1390,1.1390,1.0949,1.1169
2009-10-22,1.0931,1.0986,1.0655,1.0890
2009-10-23,1.0875,1.1243,1.0839,1.1169
2009-10-26,1.1316,1.1316,1.0875,1.0875
2009-10-27,1.0875,1.0875,1.0067,1.0655
2009-10-28,1.0508,1.0508,0.9994,1.0361
2009-10-29,1.0508,1.0508,1.0214,1.0361
2009-10-30,0.9994,1.0508,0.9994,1.0214
2009-11-02,0.9626,1.0288,0.9626,1.0288
2009-11-03,0.9920,0.9994,0.9920,0.9994
2009-11-04,0.9994,1.1316,0.9994,1.1316
2009-11-05,1.1390,1.2125,1.1390,1.2125
2009-11-06,1.1096,1.2272,1.1096,1.2198
2009-11-09,1.2198,1.4403,1.2198,1.2859
2009-11-10,1.2125,1.3006,1.0655,1.2272
2009-11-11,1.2419,1.2492,1.2272,1.2272
2009-11-12,1.2492,1.4035,1.2345,1.3668
2009-11-13,1.3594,1.3594,1.3227,1.3300
2009-11-16,1.3227,1.3301,1.2346,1.2712
2009-11-17,1.2419,1.3080,1.2345,1.2345
2009-11-18,1.2419,1.3080,1.2344,1.2933
2009-11-19,1.3227,1.3741,1.2640,1.3741
2009-11-20,1.3227,1.3300,1.2713,1.3153
2009-11-23,1.3300,1.3374,1.2724,1.3227
2009-11-24,1.3374,1.3374,1.2933,1.3300
2009-11-25,1.3006,1.3300,1.3006,1.3300
2009-11-27,1.3153,1.3227,1.3153,1.3227
2009-11-30,1.3153,1.3521,1.2639,1.3521
2009-12-01,1.3521,1.4475,1.3190,1.4335
2009-12-02,1.4623,1.4623,1.3962,1.4476
2009-12-03,1.4697,1.4990,1.4256,1.4697
2009-12-04,1.6901,1.6901,1.5284,1.6166
2009-12-07,1.7048,1.7048,1.6313,1.6313
2009-12-08,1.6167,1.6221,1.5284,1.5343
2009-12-09,1.5358,1.5511,1.4770,1.5211
2009-12-10,1.5064,1.5652,1.5064,1.5652
2009-12-11,1.5996,1.6020,1.5248,1.5798
2009-12-14,1.5799,1.6901,1.4697,1.6019
2009-12-15,1.5652,1.5799,1.5211,1.5505
2009-12-16,1.5137,1.6071,1.5137,1.5725
2009-12-17,1.5578,1.6240,1.5290,1.6166
2009-12-18,1.5212,1.6901,1.5137,1.6901
2009-12-21,1.6754,1.6754,1.5578,1.6313
2009-12-22,1.6387,1.6460,1.5651,1.5652
2009-12-23,1.5578,1.5799,1.5431,1.5431
2009-12-24,1.5505,1.5578,1.4697,1.4697
2009-12-28,1.4917,1.4990,1.4109,1.4726
2009-12-29,1.4697,1.5064,1.4329,1.5064
2009-12-30,1.5064,1.5799,1.5064,1.5137
2009-12-31,1.5211,1.5504,1.4697,1.5358
2010-01-04,1.4990,1.5652,1.4990,1.5505
2010-01-05,1.5137,1.5431,1.4623,1.5358
2010-01-06,1.5431,1.6387,1.5284,1.6019
2010-01-07,1.6019,1.6681,1.6019,1.6681
2010-01-08,1.6681,1.7268,1.6607,1.6975
2010-01-11,1.6754,1.7415,1.6240,1.6534
2010-01-12,1.6681,1.7048,1.6093,1.6534
2010-01-13,1.6901,1.7415,1.6607,1.6681
2010-01-14,1.6534,1.6607,1.6460,1.6534
2010-01-15,1.6728,1.6901,1.6460,1.6684
2010-01-19,1.6681,1.7047,1.6607,1.6681
2010-01-20,1.6681,1.7268,1.6166,1.6754
2010-01-21,1.6754,1.7047,1.6240,1.6607
2010-01-22,1.6534,1.6534,1.6534,1.6534
2010-01-25,1.5799,1.6754,1.5799,1.6607
2010-01-26,1.6534,1.7048,1.6534,1.6534
2010-01-27,1.6607,1.6754,1.6313,1.6754
2010-01-28,1.6828,1.6901,1.6534,1.6681
2010-01-29,1.6461,1.6461,1.6093,1.6460
2010-02-01,1.7636,1.7636,1.6166,1.6828
2010-02-02,1.6754,1.6901,1.6460,1.6828
2010-02-03,1.6975,1.7048,1.6534,1.6534
2010-02-04,1.6754,1.6754,1.4109,1.4696
2010-02-05,1.5063,1.5725,1.4623,1.5725
2010-02-08,1.5431,1.5431,1.4697,1.5064
2010-02-09,1.5284,1.5725,1.5137,1.5431
2010-02-10,1.5431,1.5431,1.5064,1.5137
2010-02-11,1.5086,1.5137,1.4990,1.5137
2010-02-12,1.5137,1.5211,1.4697,1.4917
2010-02-16,1.4770,1.5064,1.4403,1.4605
2010-02-17,1.4697,1.4990,1.4334,1.4990
2010-02-18,1.4844,1.4991,1.4697,1.4990
2010-02-19,1.5064,1.5212,1.4990,1.5211
2010-02-22,1.4990,1.5578,1.4990,1.5578
2010-02-23,1.5505,1.5505,1.5137,1.5284
2010-02-24,1.5137,1.5725,1.4917,1.5357
2010-02-25,1.5211,1.5784,1.5211,1.5284
2010-02-26,1.5505,1.6166,1.5137,1.6166
2010-03-01,1.6460,1.6460,1.5336,1.5652
2010-03-02,1.5578,1.6828,1.5578,1.6019
2010-03-03,1.5725,1.6681,1.5652,1.6387
2010-03-04,1.6828,1.6828,1.6343,1.6607
2010-03-05,1.6534,1.6534,1.5806,1.6104
2010-03-08,1.6607,1.6901,1.5872,1.5872
2010-03-09,1.5873,1.5946,1.5652,1.5652
2010-03-10,1.6092,1.6093,1.5725,1.5946
2010-03-11,1.5946,1.6828,1.5725,1.5946
2010-03-12,1.5957,1.6313,1.5505,1.6313
2010-03-15,1.6166,1.6240,1.5725,1.6019
2010-03-16,1.5725,1.5725,1.5064,1.5137
2010-03-17,1.4990,1.5872,1.4990,1.5431
2010-03-18,1.5578,1.5578,1.5284,1.5284
2010-03-19,1.5431,1.5725,1.4990,1.4990
2010-03-22,1.5137,1.5652,1.5137,1.5431
2010-03-23,1.5431,1.5505,1.5064,1.5358
2010-03-24,1.5505,1.5578,1.4990,1.5119
2010-03-25,1.5211,1.5431,1.4990,1.5137
2010-03-26,1.5064,1.5578,1.4917,1.5431
2010-03-29,1.5652,1.5652,1.4917,1.5284
2010-03-30,1.5505,1.5505,1.4990,1.5137
2010-03-31,1.5284,1.5652,1.5064,1.5137
2010-04-01,1.5505,1.5799,1.4990,1.5799
2010-04-05,1.5652,1.5652,1.5284,1.5652
2010-04-06,1.5725,1.5799,1.5211,1.5358
2010-04-07,1.5064,1.6240,1.5064,1.5652
2010-04-08,1.5064,1.5863,1.5064,1.5725
2010-04-09,1.5652,1.6534,1.5431,1.6534
2010-04-12,1.6534,1.6534,1.5872,1.5872
2010-04-13,1.5946,1.6019,1.5284,1.6019
2010-04-14,1.6019,1.6240,1.5578,1.5946
2010-04-15,1.6166,1.6313,1.5505,1.5946
2010-04-16,1.5652,1.5946,1.5358,1.5578
2010-04-19,1.5211,1.5946,1.5137,1.5431
2010-04-20,1.5358,1.5872,1.5358,1.5799
2010-04-21,1.5799,1.5872,1.5358,1.5725
2010-04-22,1.5358,1.5946,1.5137,1.5946
2010-04-23,1.5945,1.6166,1.5652,1.6019
2010-04-26,1.5653,1.6019,1.5431,1.5725
2010-04-27,1.5505,1.6240,1.5431,1.6019
2010-04-28,1.5799,1.5872,1.5578,1.5799
2010-04-29,1.5652,1.6828,1.5358,1.6828
2010-04-30,1.6387,1.6460,1.5872,1.6166
2010-05-03,1.4403,1.6460,1.4403,1.5578
2010-05-04,1.5505,1.5872,1.5505,1.5578
2010-05-05,1.5137,1.5211,1.5137,1.5138
2010-05-06,1.4990,1.5284,0.8891,1.4917
2010-05-07,1.4550,1.5137,1.4182,1.5137
2010-05-10,1.4917,1.5211,1.4697,1.4917
2010-05-11,1.4844,1.5064,1.4770,1.5064
2010-05-12,1.4770,1.4844,1.4770,1.4844
2010-05-13,1.4697,1.5064,1.4697,1.4844
2010-05-14,1.4770,1.5431,1.4770,1.5431
2010-05-17,1.5064,1.5284,1.4623,1.5064
2010-05-18,1.5505,1.5505,1.5064,1.5137
2010-05-19,1.4623,1.4990,1.4109,1.4770
2010-05-20,1.3888,1.4697,1.3888,1.4476
2010-05-21,1.3815,1.4329,1.3815,1.4329
2010-05-24,1.4329,1.5064,1.4109,1.4770
2010-05-25,1.3815,1.4623,1.3815,1.4623
2010-05-26,1.4182,1.4697,1.4182,1.4697
2010-05-27,1.4182,1.4476,1.4182,1.4403
2010-05-28,1.4182,1.4476,1.4109,1.4329
2010-06-01,1.4182,1.4476,1.4109,1.4403
2010-06-02,1.4329,1.4623,1.4329,1.4329
2010-06-03,1.4329,1.5431,1.4329,1.4623
2010-06-04,1.4623,1.4623,1.4329,1.4329
2010-06-07,1.4329,1.4329,1.3962,1.3962
2010-06-08,1.4035,1.6019,1.3962,1.4256
2010-06-09,1.4182,1.4550,1.3741,1.3741
2010-06-10,1.3962,1.4329,1.3741,1.3962
2010-06-11,1.3668,1.4035,1.3668,1.3962
2010-06-14,1.3815,1.3962,1.3815,1.3962
2010-06-15,1.3815,1.4550,1.3815,1.4550
2010-06-16,1.4550,1.5064,1.4550,1.4917
2010-06-17,1.4623,1.4623,1.3374,1.3962
2010-06-18,1.4034,1.4329,1.3815,1.4329
2010-06-21,1.4844,1.5578,1.4476,1.5431
2010-06-22,1.4697,1.5505,1.3815,1.3962
2010-06-23,1.3888,1.3962,1.3521,1.3594
2010-06-24,1.4109,1.4697,1.2345,1.2933
2010-06-25,1.2933,1.4844,1.2933,1.4844
2010-06-28,1.4403,1.4403,1.3888,1.3888
2010-06-29,1.4182,1.4182,1.3741,1.3741
2010-06-30,1.3227,1.3595,1.3227,1.3374
2010-07-01,1.3741,1.3962,1.3374,1.3815
2010-07-02,1.3845,1.3845,1.3815,1.3815
2010-07-06,1.3815,1.3815,1.3491,1.3491
2010-07-07,1.3594,1.3668,1.3227,1.3300
2010-07-08,1.3227,1.3597,1.3006,1.3080
2010-07-09,1.2933,1.3227,1.2852,1.3227
2010-07-12,1.3374,1.3374,1.3006,1.3080
2010-07-13,1.3080,1.4035,1.3080,1.3668
2010-07-14,1.2786,1.2933,1.2272,1.2933
2010-07-15,1.2713,1.2713,1.2639,1.2709
2010-07-16,1.2051,1.2566,1.2051,1.2198
2010-07-19,1.2272,1.2272,1.2198,1.2198
2010-07-20,1.2255,1.3594,1.2255,1.3594
2010-07-21,1.3594,1.3594,1.3080,1.3374
2010-07-22,1.3153,1.3227,1.1684,1.3006
2010-07-23,1.2346,1.2639,1.0655,1.2639
2010-07-26,1.2859,1.3080,1.2345,1.2786
2010-07-27,1.2859,1.3006,1.2859,1.3006
2010-07-28,1.2859,1.2859,1.1757,1.1757
2010-07-29,1.2492,1.2492,1.1537,1.1831
2010-07-30,1.1757,1.1831,1.1757,1.1831
2010-08-02,1.1904,1.1977,1.1516,1.1516
2010-08-03,1.1537,1.1610,1.1243,1.1243
2010-08-04,1.1243,1.2051,1.1243,1.1537
2010-08-05,1.1684,1.1684,1.1111,1.1390
2010-08-06,1.1537,1.1684,1.1390,1.1684
2010-08-09,1.1610,1.2051,1.1537,1.2051
2010-08-10,1.1610,1.2419,1.1610,1.2419
2010-08-11,1.2125,1.3080,1.2029,1.3080
2010-08-12,1.3086,1.3086,1.1684,1.2859
2010-08-13,1.2786,1.4623,1.2786,1.3888
2010-08-16,1.4182,1.4623,1.2639,1.2933
2010-08-17,1.2713,1.4623,1.2639,1.3888
2010-08-18,1.4109,1.4623,1.4109,1.4550
2010-08-19,1.4550,1.4550,1.3521,1.3521
2010-08-20,1.3659,1.3888,1.3374,1.3595
2010-08-23,1.3815,1.4476,1.3668,1.3668
2010-08-24,1.3815,1.3815,1.3374,1.3374
2010-08-25,1.3374,1.3815,1.3227,1.3227
2010-08-26,1.3080,1.3594,1.3080,1.3447
2010-08-27,1.3006,1.3153,1.1978,1.2713
2010-08-30,1.3006,1.3006,1.2492,1.2859
2010-08-31,1.2859,1.3227,1.2125,1.3006
2010-09-01,1.3668,1.4109,1.1831,1.2713
2010-09-02,1.1757,1.3374,1.1757,1.3300
2010-09-03,1.2933,1.3006,1.2933,1.3006
2010-09-07,1.3006,1.3006,1.2859,1.2859
2010-09-08,1.3006,1.3153,1.2859,1.2859
2010-09-09,1.2860,1.2860,1.1904,1.2125
2010-09-10,1.2125,1.2316,1.1978,1.1978
2010-09-13,1.2125,1.2713,1.2125,1.2492
2010-09-14,1.2345,1.2654,1.2272,1.2492
2010-09-15,1.2492,1.3521,1.1390,1.2566
2010-09-16,1.2125,1.2665,1.1096,1.2272
2010-09-17,1.1757,1.3080,1.1757,1.3080
2010-09-20,1.2933,1.2933,1.2051,1.2566
2010-09-21,1.3006,1.3006,1.2726,1.2786
2010-09-22,1.2566,1.3080,1.2125,1.3080
2010-09-23,1.3080,1.3227,1.2786,1.2859
2010-09-24,1.3227,1.3227,1.2819,1.2860
2010-09-27,1.2860,1.2860,1.2860,1.2860
2010-09-28,1.3594,1.3741,1.3080,1.3373
2010-09-29,1.3227,1.3228,1.3153,1.3227
2010-09-30,1.3227,1.3594,1.3080,1.3301
2010-10-01,1.3521,1.4770,1.3227,1.4403
2010-10-04,1.4403,1.4476,1.4109,1.4476
2010-10-05,1.4550,1.4696,1.4182,1.4403
2010-10-06,1.4182,1.4256,1.3815,1.3815
2010-10-07,1.3815,1.3815,1.3153,1.3227
2010-10-08,1.3227,1.4329,1.3227,1.3815
2010-10-11,1.3962,1.3962,1.3594,1.3815
2010-10-12,1.3962,1.4256,1.3888,1.4109
2010-10-13,1.4109,1.4403,1.3888,1.4403
2010-10-14,1.4182,1.4182,1.3815,1.3888
2010-10-15,1.3742,1.3742,1.3080,1.3374
2010-10-18,1.3594,1.3594,1.3153,1.3153
2010-10-19,1.3153,1.3300,1.3080,1.3153
2010-10-20,1.3080,1.3300,1.3080,1.3081
2010-10-21,1.3227,1.3227,1.3080,1.3153
2010-10-22,1.3227,1.3227,1.2933,1.3006
2010-10-25,1.2786,1.2933,1.2419,1.2859
2010-10-26,1.2860,1.3153,1.2720,1.3080
2010-10-27,1.2859,1.2933,1.2639,1.2646
2010-10-28,1.2713,1.2713,1.2272,1.2492
2010-10-29,1.2492,1.2638,1.2345,1.2638
2010-11-01,1.3300,1.3300,1.2566,1.2933
2010-11-02,1.2933,1.3153,1.2786,1.2859
2010-11-03,1.2933,1.3006,1.2786,1.2859
2010-11-04,1.2859,1.3153,1.2859,1.3153
2010-11-05,1.3153,1.3668,1.3153,1.3522
2010-11-08,1.3521,1.3521,1.3227,1.3227
2010-11-09,1.3080,1.3521,1.3080,1.3227
2010-11-10,1.3080,1.3668,1.3006,1.3227
2010-11-11,1.3227,1.3300,1.3080,1.3227
2010-11-12,1.3227,1.3521,1.2859,1.3227
2010-11-15,1.3153,1.3668,1.2859,1.3080
2010-11-16,1.3006,1.3227,1.2859,1.3227
2010-11-17,1.3006,1.3447,1.3006,1.3007
2010-11-18,1.3080,1.3374,1.2786,1.3080
2010-11-19,1.3080,1.3168,1.2859,1.2859
2010-11-22,1.3080,1.3227,1.3080,1.3227
2010-11-23,1.3006,1.3300,1.2859,1.3300
2010-11-24,1.2713,1.3347,1.2713,1.3153
2010-11-26,1.3153,1.3153,1.3153,1.3153
2010-11-29,1.3227,1.3374,1.3212,1.3300
2010-11-30,1.2639,1.2933,1.2639,1.2933
2010-12-01,1.3447,1.3447,1.3300,1.3375
2010-12-02,1.3374,1.3375,1.3374,1.3374
2010-12-03,1.2933,1.3374,1.2713,1.3227
2010-12-06,1.2492,1.3080,1.2492,1.3006
2010-12-07,1.2566,1.3080,1.2566,1.3006
2010-12-08,1.2639,1.2859,1.2345,1.2859
2010-12-09,1.2640,1.2933,1.2639,1.2933
2010-12-10,1.2566,1.3594,1.1757,1.3308
2010-12-13,1.3594,1.3815,1.3594,1.3741
2010-12-14,1.3521,1.3741,1.3521,1.3668
2010-12-15,1.3374,1.3741,1.3153,1.3668
2010-12-16,1.3741,1.3962,1.3668,1.3888
2010-12-17,1.3815,1.3815,1.3668,1.3741
2010-12-20,1.3741,1.3742,1.3447,1.3447
2010-12-21,1.3300,1.3741,1.3300,1.3300
2010-12-22,1.3227,1.3594,1.3153,1.3300
2010-12-23,1.3447,1.3594,1.3227,1.3227
2010-12-27,1.3153,1.3300,1.2345,1.2786
2010-12-28,1.2713,1.2859,1.2492,1.2786
2010-12-29,1.2492,1.2786,1.2419,1.2640
2010-12-30,1.2933,1.2933,1.2639,1.2859
2010-12-31,1.2933,1.3080,1.2713,1.3080
2011-01-03,1.3006,1.3006,1.2787,1.2933
2011-01-04,1.3006,1.3073,1.2639,1.2933
2011-01-05,1.2786,1.3006,1.2786,1.3006
2011-01-06,1.2933,1.3006,1.2749,1.3006
2011-01-07,1.2933,1.3006,1.2859,1.2859
2011-01-10,1.2859,1.3006,1.2859,1.2933
2011-01-11,1.3006,1.3153,1.2730,1.2786
2011-01-12,1.2860,1.3227,1.2786,1.3153
2011-01-13,1.3080,1.3594,1.3080,1.3227
2011-01-14,1.3227,1.3227,1.2786,1.3227
2011-01-18,1.3741,1.3961,1.3300,1.3447
2011-01-19,1.3300,1.3300,1.2713,1.3300
2011-01-20,1.3006,1.3741,1.3006,1.3227
2011-01-21,1.3447,1.3521,1.3374,1.3374
2011-01-24,1.3521,1.3594,1.3006,1.3447
2011-01-25,1.3300,1.3741,1.3300,1.3668
2011-01-26,1.3741,1.3741,1.3300,1.3741
2011-01-27,1.3300,1.3741,1.3300,1.3668
2011-01-28,1.3521,1.4182,1.3448,1.3594
2011-01-31,1.3741,1.3888,1.3521,1.3815
2011-02-01,1.3962,1.3962,1.3447,1.3668
2011-02-02,1.3521,1.4403,1.3521,1.3815
2011-02-03,1.3815,1.6093,1.3815,1.4623
2011-02-04,1.4770,1.5284,1.4770,1.4917
2011-02-07,1.4917,1.4990,1.4329,1.4770
2011-02-08,1.4844,1.5137,1.4770,1.4990
2011-02-09,1.4917,1.5064,1.4623,1.4844
2011-02-10,1.4844,1.4917,1.4770,1.4917
2011-02-11,1.4822,1.5064,1.4822,1.4917
2011-02-14,1.4844,1.4844,1.4550,1.4697
2011-02-15,1.4697,1.4697,1.4477,1.4697
2011-02-16,1.4770,1.4917,1.4770,1.4844
2011-02-17,1.4770,1.5284,1.4770,1.4914
2011-02-18,1.4990,1.5137,1.4182,1.4256
2011-02-22,1.6534,1.6534,1.4109,1.4182
2011-02-23,1.4511,1.4511,1.4182,1.4182
2011-02-24,1.4697,1.5064,1.4329,1.4697
2011-02-25,1.4697,1.4697,1.4697,1.4697
2011-02-28,1.4623,1.4991,1.4477,1.4917
2011-03-01,1.4990,1.6387,1.4990,1.5796
2011-03-02,1.5872,1.6093,1.5431,1.5799
2011-03-03,1.5799,1.6019,1.5284,1.5872
2011-03-04,1.5578,1.5799,1.4844,1.4917
2011-03-07,1.4770,1.5578,1.4770,1.5358
2011-03-08,1.5431,1.6019,1.5064,1.5064
2011-03-09,1.5358,1.5358,1.4990,1.4990
2011-03-10,1.4990,1.5284,1.4770,1.5064
2011-03-11,1.4770,1.5210,1.4770,1.5096
2011-03-14,1.4917,1.4917,1.4917,1.4917
2011-03-15,1.4697,1.4917,1.4697,1.4770
2011-03-16,1.4770,1.4844,1.3962,1.4330
2011-03-17,1.4329,1.4697,1.3962,1.3962
2011-03-18,1.4256,1.5431,1.4035,1.4623
2011-03-21,1.4550,1.4844,1.4109,1.4329
2011-03-22,1.4329,1.4329,1.4329,1.4329
2011-03-23,1.4329,1.4329,1.4329,1.4329
2011-03-24,1.4329,1.4330,1.4182,1.4329
2011-03-25,1.4109,1.4844,1.3962,1.4109
2011-03-28,1.4329,1.4697,1.4329,1.4330
2011-03-29,1.4329,1.4329,1.4329,1.4329
2011-03-30,1.4476,1.4990,1.4476,1.4770
2011-03-31,1.4770,1.4917,1.4035,1.4697
2011-04-01,1.4623,1.4697,1.4256,1.4477
2011-04-04,1.5284,1.5431,1.4844,1.5284
2011-04-05,1.5284,1.5284,1.5284,1.5284
2011-04-06,1.4990,1.5064,1.4697,1.4697
2011-04-07,1.4623,1.5211,1.4550,1.5211
2011-04-08,1.5137,1.5137,1.4917,1.4917
2011-04-11,1.4917,1.5181,1.4917,1.5064
2011-04-12,1.5064,1.5064,1.4917,1.4917
2011-04-13,1.4918,1.5064,1.4697,1.4697
2011-04-14,1.4697,1.5284,1.4697,1.4917
2011-04-15,1.4697,1.4770,1.4550,1.4770
2011-04-18,1.4623,1.4917,1.4623,1.4697
2011-04-19,1.4844,1.5064,1.4550,1.4550
2011-04-20,1.4770,1.4858,1.4182,1.4183
2011-04-21,1.4256,1.4696,1.4183,1.4597
2011-04-25,1.4550,1.4623,1.4182,1.4182
2011-04-26,1.4256,1.4623,1.4256,1.4256
2011-04-27,1.4329,1.4476,1.4256,1.4256
2011-04-28,1.4329,1.4329,1.4256,1.4329
2011-04-29,1.4329,1.4329,1.4329,1.4329
2011-05-02,1.4550,1.4770,1.4550,1.4623
2011-05-03,1.4917,1.4917,1.4550,1.4697
2011-05-04,1.4697,1.4697,1.4696,1.4697
2011-05-05,1.4697,1.4697,1.4623,1.4623
2011-05-06,1.4697,1.4866,1.4623,1.4866
2011-05-09,1.4550,1.4623,1.4403,1.4623
2011-05-10,1.5284,1.5725,1.5211,1.5211
2011-05-11,1.4917,1.5137,1.4697,1.4770
2011-05-12,1.4844,1.4990,1.4256,1.4917
2011-05-13,1.4623,1.4623,1.4623,1.4623
2011-05-16,1.4917,1.4917,1.4550,1.4623
2011-05-17,1.4697,1.5064,1.4329,1.4917
2011-05-18,1.4844,1.5174,1.4476,1.4770
2011-05-19,1.4770,1.4770,1.4623,1.4623
2011-05-20,1.4623,1.4623,1.4182,1.4476
2011-05-23,1.4329,1.4770,1.4109,1.4770
2011-05-24,1.4256,1.5431,1.3962,1.3962
2011-05-25,1.3962,1.4697,1.3962,1.4403
2011-05-26,1.4182,1.4770,1.4182,1.4697
2011-05-27,1.4770,1.5799,1.4770,1.5358
2011-05-31,1.5578,1.5652,1.4623,1.5137
2011-06-01,1.5064,1.5505,1.4697,1.4990
2011-06-02,1.4917,1.4917,1.4550,1.4550
2011-06-03,1.4697,1.5137,1.4256,1.4697
2011-06-06,1.4697,1.4697,1.3962,1.3962
2011-06-07,1.4109,1.4476,1.4109,1.4476
2011-06-08,1.4550,1.4550,1.3227,1.4109
2011-06-09,1.4035,1.4403,1.3815,1.4329
2011-06-10,1.3962,1.4329,1.3962,1.4256
2011-06-13,1.4109,1.4329,1.3227,1.3741
2011-06-14,1.3668,1.4035,1.3374,1.3447
2011-06-15,1.3594,1.3741,1.3300,1.3727
2011-06-16,1.3594,1.3668,1.3300,1.3521
2011-06-17,1.3815,1.4182,1.3815,1.4182
2011-06-20,1.3741,1.3741,1.3447,1.3741
2011-06-21,1.3521,1.3962,1.3521,1.3815
2011-06-22,1.3594,1.3741,1.3300,1.3668
2011-06-23,1.3668,1.3668,1.3521,1.3521
2011-06-24,1.3447,1.4109,1.3447,1.4109
2011-06-27,1.3888,1.3888,1.3521,1.3522
2011-06-28,1.3594,1.3741,1.3521,1.3521
2011-06-29,1.3480,1.3480,1.3374,1.3374
2011-06-30,1.3594,1.3815,1.3594,1.3814
2011-07-01,1.3521,1.3521,1.3521,1.3521
2011-07-05,1.3227,1.4476,1.3227,1.3521
2011-07-06,1.3594,1.3888,1.3594,1.3815
2011-07-07,1.4215,1.4215,1.3521,1.3615
2011-07-08,1.3594,1.3594,1.3374,1.3447
2011-07-11,1.3447,1.3521,1.3374,1.3374
2011-07-12,1.3374,1.3668,1.3374,1.3668
2011-07-13,1.3668,1.3815,1.3668,1.3815
2011-07-14,1.3668,1.3668,1.3521,1.3521
2011-07-15,1.3374,1.3374,1.3227,1.3300
2011-07-18,1.3300,1.3300,1.3227,1.3227
2011-07-19,1.3300,1.3741,1.3227,1.3411
2011-07-20,1.3153,1.3374,1.2859,1.3374
2011-07-21,1.3228,1.3447,1.1904,1.2933
2011-07-22,1.3153,1.3447,1.2933,1.3447
2011-07-25,1.3218,1.3668,1.3218,1.3447
2011-07-26,1.3668,1.3962,1.3521,1.3962
2011-07-27,1.3594,1.3594,1.3374,1.3447
2011-07-28,1.3447,1.3447,1.3300,1.3447
2011-07-29,1.3594,1.3594,1.2933,1.3594
2011-08-01,1.3374,1.3888,1.3374,1.3447
2011-08-02,1.3374,1.3374,1.3300,1.3374
2011-08-03,1.3300,1.3558,1.1978,1.3080
2011-08-04,1.3300,1.3300,1.2639,1.2786
2011-08-05,1.2639,1.2639,0.7275,1.2125
2011-08-08,1.1904,1.1904,0.8891,0.8891
2011-08-09,0.9920,1.2051,0.9920,1.2051
2011-08-10,1.2125,1.3300,1.1831,1.3227
2011-08-11,1.3521,1.3888,1.2125,1.3153
2011-08-12,1.3153,1.3153,1.2419,1.2859
2011-08-15,1.2859,1.2859,1.2345,1.2639
2011-08-16,1.2492,1.2859,1.1243,1.1978
2011-08-17,1.1905,1.2345,1.1904,1.2125
2011-08-18,1.1978,1.1978,1.0582,1.1610
2011-08-19,1.1463,1.1463,1.0435,1.1096
2011-08-22,1.1022,1.1022,1.0288,1.0288
2011-08-23,0.9921,1.1022,0.9921,1.1022
2011-08-24,1.0728,1.0728,1.0288,1.0288
2011-08-25,1.0435,1.1243,1.0288,1.0949
2011-08-26,1.0949,1.0949,1.0949,1.0949
2011-08-29,1.0802,1.0802,1.0288,1.0728
2011-08-30,1.0362,1.1169,0.9332,1.0802
2011-08-31,1.0214,1.0875,1.0214,1.0582
2011-09-01,1.0435,1.0875,1.0435,1.0435
2011-09-02,1.1096,1.1096,1.0655,1.0655
2011-09-06,1.0949,1.0949,0.9994,1.0288
2011-09-07,1.0582,1.0802,0.9905,1.0802
2011-09-08,1.0361,1.0655,1.0288,1.0655
2011-09-09,1.0655,1.0655,1.0655,1.0655
2011-09-12,1.0435,1.1096,1.0288,1.1096
2011-09-13,1.0728,1.1022,1.0288,1.0949
2011-09-14,1.0728,1.0802,1.0229,1.0728
2011-09-15,1.0288,1.0802,0.9847,1.0288
2011-09-16,1.0582,1.1022,0.9773,0.9773
2011-09-19,0.9626,1.0288,0.9112,0.9553
2011-09-20,0.9479,0.9479,0.8671,0.8818
2011-09-21,0.9038,0.9185,0.8451,0.8965
2011-09-22,0.8818,0.8891,0.8451,0.8818
2011-09-23,0.8818,0.8891,0.8230,0.8891
2011-09-26,0.8891,0.8891,0.8083,0.8451
2011-09-27,0.8451,0.8597,0.8083,0.8377
2011-09-28,0.8524,0.8671,0.8451,0.8561
2011-09-29,0.8911,0.8911,0.8377,0.8818
2011-09-30,0.8671,0.9185,0.8230,0.9185
2011-10-03,0.8818,0.8965,0.8451,0.8965
2011-10-04,0.8819,0.8965,0.8451,0.8818
2011-10-05,0.8157,0.8818,0.8157,0.8597
2011-10-06,0.8597,0.8597,0.8597,0.8597
2011-10-07,0.8451,0.8451,0.8230,0.8451
2011-10-10,0.8451,0.8671,0.8451,0.8451
2011-10-11,0.8451,0.8451,0.8451,0.8451
2011-10-12,0.8304,0.8597,0.8304,0.8597
2011-10-13,0.8451,0.8451,0.8230,0.8230
2011-10-14,0.8010,0.8818,0.8010,0.8304
2011-10-17,0.8157,0.8230,0.7716,0.8157
2011-10-18,0.8010,0.8451,0.7789,0.8157
2011-10-19,0.7863,0.8451,0.7863,0.8451
2011-10-20,0.8304,0.8304,0.8083,0.8083
2011-10-21,0.8157,0.8597,0.8157,0.8451
2011-10-24,0.8451,0.9038,0.8230,0.8818
2011-10-25,0.8891,0.8965,0.8744,0.8744
2011-10-26,0.8744,0.8744,0.8304,0.8304
2011-10-27,0.8083,0.8304,0.7716,0.7716
2011-10-28,0.7569,0.7569,0.7201,0.7495
2011-10-31,0.9700,1.2125,0.7201,0.7642
2011-11-01,0.7716,0.7716,0.7348,0.7561
2011-11-02,0.7348,0.7642,0.7275,0.7348
2011-11-03,0.6981,0.7348,0.6173,0.6981
2011-11-04,0.7085,0.7348,0.6834,0.7348
2011-11-07,0.7422,0.7716,0.7201,0.7716
2011-11-08,0.7642,0.8157,0.7348,0.7716
2011-11-09,0.7716,0.7789,0.7495,0.7642
2011-11-10,0.7642,0.7793,0.7569,0.7789
2011-11-11,0.7936,0.7936,0.7642,0.7716
2011-11-14,0.7936,0.8377,0.7642,0.7642
2011-11-15,0.7642,0.8010,0.7605,0.7642
2011-11-16,0.7569,0.7863,0.7422,0.7863
2011-11-17,0.7789,0.7863,0.7716,0.7716
2011-11-18,0.8304,0.8818,0.7716,0.8083
2011-11-21,0.7936,0.7936,0.7716,0.7789
2011-11-22,0.7863,0.7863,0.7679,0.7789
2011-11-23,0.7716,0.7936,0.7716,0.7789
2011-11-25,0.7789,0.8083,0.7569,0.8083
2011-11-28,0.7863,0.8083,0.7716,0.7789
2011-11-29,0.7716,0.7863,0.7716,0.7789
2011-11-30,0.7716,0.8083,0.7716,0.7716
2011-12-01,0.7716,0.7936,0.7716,0.7716
2011-12-02,0.7716,0.8818,0.7716,0.8597
2011-12-05,0.8451,0.9406,0.8451,0.9332
2011-12-06,0.9332,0.9631,0.8965,0.9553
2011-12-07,0.9406,0.9406,0.8844,0.9406
2011-12-08,0.9112,0.9259,0.8744,0.9112
2011-12-09,0.8818,0.9112,0.8451,0.8671
2011-12-12,0.8891,0.8891,0.8377,0.8597
2011-12-13,0.8451,0.8965,0.8230,0.8230
2011-12-14,0.8157,0.8377,0.8083,0.8304
2011-12-15,0.8376,0.8597,0.8376,0.8451
2011-12-16,0.8304,0.8451,0.8304,0.8304
2011-12-19,0.8377,0.8597,0.7789,0.8083
2011-12-20,0.8230,0.8230,0.7642,0.7716
2011-12-21,0.7716,0.7716,0.7569,0.7569
2011-12-22,0.7716,0.7789,0.7569,0.7605
2011-12-23,0.7694,0.7789,0.7422,0.7422
2011-12-27,0.7348,0.7716,0.7201,0.7348
2011-12-28,0.7495,0.7495,0.7348,0.7348
2011-12-29,0.7348,0.8083,0.7201,0.8083
2011-12-30,0.8083,0.8083,0.7348,0.7642
2012-01-03,0.7863,0.8524,0.7863,0.8524
2012-01-04,0.8083,0.8083,0.7716,0.7730
2012-01-05,0.7789,0.8377,0.7789,0.8083
2012-01-06,0.8156,0.8156,0.7642,0.7962
2012-01-09,0.7868,0.7868,0.7863,0.7863
2012-01-10,0.7789,0.7789,0.7716,0.7789
2012-01-11,0.7716,0.7716,0.7716,0.7716
2012-01-12,0.7716,0.7863,0.7716,0.7716
2012-01-13,0.7936,0.7936,0.7495,0.7495
2012-01-17,0.7789,0.8451,0.7789,0.8377
2012-01-18,0.8157,0.8671,0.7863,0.8597
2012-01-19,0.8377,0.8421,0.8083,0.8304
2012-01-20,0.8304,0.8818,0.7642,0.8377
2012-01-23,0.8093,0.8157,0.8093,0.8157
2012-01-24,0.8083,0.8597,0.8083,0.8451
2012-01-25,0.8377,0.9994,0.8377,0.9920
2012-01-26,0.9407,1.0067,0.9407,0.9553
2012-01-27,0.9332,0.9332,0.9112,0.9113
2012-01-30,0.8818,0.8818,0.8524,0.8524
2012-01-31,0.8818,0.9085,0.8597,0.8597
2012-02-01,0.8597,0.8597,0.8597,0.8597
2012-02-02,0.8818,0.9038,0.8818,0.9038
2012-02-03,0.9038,0.9185,0.9038,0.9185
2012-02-06,0.8965,0.9185,0.8965,0.9185
2012-02-07,0.9259,0.9259,0.8891,0.9112
2012-02-08,0.9112,0.9185,0.8671,0.8737
2012-02-09,0.8965,0.8974,0.8781,0.8974
2012-02-10,0.9332,0.9994,0.8818,0.9994
2012-02-13,0.9847,1.1904,0.9847,1.1022
2012-02-14,1.1096,1.1096,1.0067,1.0288
2012-02-15,1.0288,1.0288,0.9112,0.9479
2012-02-16,0.9700,1.0214,0.8818,0.9479
2012-02-17,0.9406,0.9406,0.8818,0.8899
2012-02-21,0.9112,1.1390,0.9112,0.9626
2012-02-22,0.9700,1.0361,0.9700,0.9847
2012-02-23,0.9773,1.0282,0.9773,0.9920
2012-02-24,0.9920,1.0435,0.9920,0.9994
2012-02-27,0.9920,1.0141,0.9700,1.0141
2012-02-28,0.9700,1.0288,0.9700,1.0214
2012-02-29,1.0067,1.0214,0.9259,0.9700
2012-03-01,0.9773,1.0141,0.9553,1.0141
2012-03-02,0.9920,0.9994,0.9920,0.9994
2012-03-05,0.9847,1.0067,0.9553,1.0067
2012-03-06,0.9626,1.0067,0.9626,0.9847
2012-03-07,0.9626,0.9920,0.9626,0.9920
2012-03-08,0.9920,1.0288,0.9700,1.0141
2012-03-09,1.0214,1.0288,0.9921,1.0288
2012-03-12,1.0288,1.1022,1.0288,1.0875
2012-03-13,1.0875,1.1022,1.0288,1.0288
2012-03-14,1.0728,1.0728,1.0288,1.0582
2012-03-15,1.0728,1.1096,1.0655,1.1096
2012-03-16,1.1022,1.1390,1.0655,1.1390
2012-03-19,1.1243,1.1375,1.0655,1.0875
2012-03-20,1.0875,1.1390,1.0655,1.1022
2012-03-21,1.1096,1.1390,1.0802,1.1022
2012-03-22,1.1096,1.1169,1.0728,1.0802
2012-03-23,1.0949,1.1022,1.0802,1.1022
2012-03-26,1.1169,1.1243,1.0655,1.1243
2012-03-27,1.1169,1.1169,1.0802,1.0875
2012-03-28,1.0875,1.0875,1.0655,1.0728
2012-03-29,1.0875,1.0875,1.0802,1.0802
2012-03-30,1.0802,1.1022,1.0361,1.0875
2012-04-02,1.0875,1.1022,1.0875,1.0875
2012-04-03,1.0875,1.1316,1.0875,1.1316
2012-04-04,1.1096,1.1097,1.1096,1.1096
2012-04-05,1.1096,1.1463,1.1096,1.1390
2012-04-09,1.1169,1.1390,1.1096,1.1096
2012-04-10,1.1169,1.1316,1.1096,1.1244
2012-04-11,1.1243,1.1610,1.0875,1.1610
2012-04-12,1.1022,1.1243,1.0949,1.1243
2012-04-13,1.1022,1.1243,1.1022,1.1022
2012-04-16,1.1022,1.1022,1.0508,1.0728
2012-04-17,1.0728,1.1243,1.0728,1.1022
2012-04-18,1.1169,1.1316,1.0734,1.1243
2012-04-19,1.1022,1.1022,1.0579,1.0949
2012-04-20,1.0949,1.0949,1.0949,1.0949
2012-04-23,1.0655,1.0949,1.0655,1.0949
2012-04-24,1.0949,1.1169,1.0508,1.1169
2012-04-25,1.1022,1.1022,1.0802,1.0802
2012-04-26,1.0655,1.1022,1.0655,1.1022
2012-04-27,1.1169,1.1169,1.0655,1.1087
2012-04-30,1.0728,1.0728,1.0655,1.0656
2012-05-01,1.0655,1.0728,1.0655,1.0655
2012-05-02,1.0655,1.0802,1.0655,1.0728
2012-05-03,1.0655,1.0655,1.0582,1.0582
2012-05-04,1.0582,1.0582,1.0214,1.0214
2012-05-07,1.0214,1.0236,1.0213,1.0214
2012-05-08,1.0288,1.0435,1.0288,1.0288
2012-05-09,1.0288,1.0508,1.0214,1.0508
2012-05-10,1.0435,1.0435,1.0288,1.0435
2012-05-11,1.0288,1.0581,1.0288,1.0288
2012-05-14,1.0288,1.0523,1.0288,1.0288
2012-05-15,1.0288,1.0288,1.0288,1.0288
2012-05-16,0.9994,1.0067,0.9479,0.9920
2012-05-17,0.9920,1.0435,0.9920,1.0288
2012-05-18,1.0288,1.0435,0.9920,0.9920
2012-05-21,0.9920,1.0141,0.9920,0.9920
2012-05-22,0.9920,1.0214,0.9920,0.9920
2012-05-23,0.9920,1.0214,0.9920,1.0067
2012-05-24,1.0067,1.0067,1.0067,1.0067
2012-05-25,0.9626,0.9763,0.8597,0.9553
2012-05-29,0.9259,1.0288,0.9185,0.9920
2012-05-30,0.9259,0.9553,0.9185,0.9185
2012-05-31,0.9185,0.9332,0.8965,0.9038
2012-06-01,0.8965,0.9847,0.8965,0.9773
2012-06-04,1.0067,1.0067,0.9773,1.0051
2012-06-05,0.9553,0.9700,0.9112,0.9479
2012-06-06,0.9700,0.9700,0.9185,0.9553
2012-06-07,0.9348,0.9348,0.9185,0.9185
2012-06-08,0.9185,0.9406,0.8891,0.9406
2012-06-11,0.9259,0.9479,0.8965,0.9185
2012-06-12,0.9185,0.9920,0.8851,0.9553
2012-06-13,0.9407,0.9407,0.9406,0.9406
2012-06-14,0.9552,0.9552,0.8818,0.8818
2012-06-15,0.8818,0.9553,0.8744,0.9553
2012-06-18,0.9479,0.9479,0.9112,0.9145
2012-06-19,0.9112,0.9199,0.8965,0.9199
2012-06-20,0.9259,0.9259,0.9185,0.9185
2012-06-21,0.9185,0.9185,0.9112,0.9185
2012-06-22,0.9185,0.9259,0.9185,0.9259
2012-06-25,0.9259,0.9259,0.9259,0.9259
2012-06-26,0.9038,0.9406,0.9038,0.9259
2012-06-27,0.9479,0.9553,0.9479,0.9553
2012-06-28,0.9185,0.9479,0.9185,0.9479
2012-06-29,0.9479,0.9626,0.9215,0.9626
2012-07-02,0.9479,0.9479,0.9038,0.9038
2012-07-03,0.9185,0.9773,0.9112,0.9773
2012-07-05,0.9626,1.0288,0.9259,1.0288
2012-07-06,1.0288,1.0288,0.9626,0.9626
2012-07-09,0.9626,0.9994,0.9626,0.9994
2012-07-10,0.9994,0.9994,0.9994,0.9994
2012-07-11,0.9920,1.0361,0.9553,1.0361
2012-07-12,0.9495,1.0361,0.9495,1.0361
2012-07-13,1.0758,1.1022,1.0758,1.1022
2012-07-16,1.0875,1.0875,0.8924,0.9406
2012-07-17,1.0141,1.0141,0.9332,0.9406
2012-07-18,0.9406,0.9406,0.9406,0.9406
2012-07-19,0.9773,0.9773,0.9406,0.9406
2012-07-20,0.9479,0.9919,0.9479,0.9919
2012-07-23,0.9847,0.9847,0.9847,0.9847
2012-07-24,0.9185,0.9259,0.8818,0.9258
2012-07-25,0.9479,0.9479,0.9185,0.9232
2012-07-26,0.9479,1.0288,0.9479,1.0288
2012-07-27,1.0288,1.0288,1.0288,1.0288
2012-07-30,1.0435,1.0508,1.0435,1.0508
2012-07-31,1.0655,1.1022,1.0655,1.0655
2012-08-01,1.0141,1.0141,0.9553,0.9553
2012-08-02,0.9553,0.9553,0.9553,0.9553
2012-08-03,1.0288,1.0508,0.9847,1.0348
2012-08-06,1.0141,1.0582,1.0141,1.0582
2012-08-07,1.0523,1.0523,0.9516,0.9516
2012-08-08,0.9699,0.9699,0.9699,0.9699
2012-08-09,0.9773,0.9773,0.9038,0.9112
2012-08-10,0.9259,0.9516,0.9259,0.9259
2012-08-13,0.9259,1.0949,0.9259,0.9332
2012-08-14,0.9626,1.0066,0.9332,0.9553
2012-08-15,0.9259,0.9920,0.9259,0.9920
2012-08-16,0.9920,1.0360,0.9920,1.0360
2012-08-17,1.0288,1.0288,0.9920,1.0288
2012-08-20,0.9773,0.9773,0.9700,0.9700
2012-08-21,1.0361,1.0655,0.9700,0.9847
2012-08-22,0.9847,0.9920,0.9700,0.9773
2012-08-23,0.9847,0.9847,0.9700,0.9847
2012-08-24,0.9700,0.9920,0.9700,0.9817
2012-08-27,0.9994,0.9994,0.9553,0.9994
2012-08-28,0.9773,0.9773,0.9332,0.9553
2012-08-29,0.9847,1.1390,0.9626,1.0582
2012-08-30,1.0582,1.1022,1.0582,1.0582
2012-08-31,1.0765,1.1017,1.0655,1.0728
2012-09-04,1.0765,1.0949,1.0508,1.0875
2012-09-05,1.0875,1.1022,1.0288,1.0288
2012-09-06,1.0214,1.1169,1.0214,1.0949
2012-09-07,1.1022,1.1169,1.0214,1.1096
2012-09-10,1.1096,1.1243,1.1096,1.1242
2012-09-11,1.1096,1.1169,1.1096,1.1096
2012-09-12,1.1096,1.1103,1.0851,1.0870
2012-09-13,1.0875,1.1390,0.9332,1.0949
2012-09-14,1.0949,1.0949,1.0875,1.0875
2012-09-17,1.0728,1.0802,0.9994,1.0067
2012-09-18,1.0067,1.0067,0.9553,0.9920
2012-09-19,0.9935,1.0140,0.9920,0.9920
2012-09-20,0.9847,0.9847,0.9700,0.9773
2012-09-21,0.9847,1.1169,0.9626,1.1169
2012-09-24,1.1096,1.1096,1.0288,1.0655
2012-09-25,1.0508,1.0594,1.0214,1.0288
2012-09-26,1.0141,1.0288,0.9920,0.9994
2012-09-27,0.9994,1.0214,0.9994,1.0141
2012-09-28,0.9994,1.0288,0.9994,1.0214
2012-10-01,1.0435,1.0728,1.0435,1.0655
2012-10-02,1.0508,1.1096,0.9994,1.1022
2012-10-03,1.1096,1.1390,1.0875,1.1316
2012-10-04,1.0802,1.0875,1.0508,1.0655
2012-10-05,1.0654,1.0949,1.0435,1.0802
2012-10-08,1.0949,1.1022,1.0802,1.0802
2012-10-09,1.0728,1.0802,1.0508,1.0582
2012-10-10,1.0655,1.0876,1.0361,1.0802
2012-10-11,1.0802,1.1095,1.0288,1.0361
2012-10-12,1.0288,1.0655,1.0288,1.0304
2012-10-15,1.0581,1.0581,1.0288,1.0361
2012-10-16,1.0581,1.1096,1.0508,1.0508
2012-10-17,1.0584,1.0584,1.0361,1.0361
2012-10-18,1.0361,1.0716,1.0361,1.0716
2012-10-19,1.0361,1.0802,1.0361,1.0802
2012-10-22,1.0655,1.0656,1.0120,1.0361
2012-10-23,1.0316,1.0361,1.0288,1.0288
2012-10-24,1.0288,1.0288,1.0288,1.0288
2012-10-25,1.0435,1.0655,1.0361,1.0361
2012-10-26,1.0655,1.0802,1.0435,1.0537
2012-10-31,1.0875,1.1022,0.9920,1.1022
2012-11-01,1.1096,1.1169,1.1023,1.1042
2012-11-02,1.1022,1.1022,1.0773,1.0949
2012-11-05,1.1096,1.1867,1.1096,1.1463
2012-11-06,1.1831,1.2271,1.1537,1.2051
2012-11-07,1.2434,1.2434,1.1831,1.1831
2012-11-08,1.2207,1.2434,1.1454,1.2132
2012-11-09,1.2810,1.2810,1.1379,1.1379
2012-11-12,1.1755,1.1755,1.1228,1.1228
2012-11-13,1.0700,1.2057,1.0700,1.2057
2012-11-14,1.1906,1.1906,1.1002,1.1303
2012-11-15,1.1831,1.1831,1.1379,1.1605
2012-11-16,1.1303,1.1755,1.1228,1.1379
2012-11-19,1.1529,1.1529,1.1529,1.1529
2012-11-20,1.1529,1.1529,1.1529,1.1529
2012-11-21,1.1153,1.2057,1.1153,1.1906
2012-11-23,1.2057,1.2132,1.2000,1.2057
2012-11-26,1.2057,1.2584,1.1907,1.2434
2012-11-27,1.2509,1.2886,1.2207,1.2509
2012-11-28,1.2735,1.2961,1.2283,1.2358
2012-11-29,1.2207,1.3112,1.2057,1.2358
2012-11-30,1.2509,1.2584,1.2057,1.2434
2012-12-03,1.2434,1.3112,1.2358,1.2810
2012-12-04,1.2660,1.2660,1.2057,1.2584
2012-12-05,1.2434,1.3187,1.2207,1.2434
2012-12-06,1.2057,1.2434,1.1831,1.2207
2012-12-07,1.2434,1.3262,1.2132,1.2735
2012-12-10,1.3187,1.3262,1.2132,1.3187
2012-12-11,1.3187,1.3262,1.3036,1.3036
2012-12-12,1.3262,1.4155,1.3262,1.3715
2012-12-13,1.3941,1.3941,1.2207,1.2283
2012-12-14,1.2434,1.2961,1.2358,1.2434
2012-12-17,1.2961,1.3187,1.2735,1.2735
2012-12-18,1.2886,1.3488,1.2886,1.3187
2012-12-19,1.3036,1.3187,1.2886,1.2961
2012-12-20,1.2961,1.3112,1.2509,1.2886
2012-12-21,1.2961,1.3036,1.2057,1.2810
2012-12-24,1.2434,1.2735,1.2057,1.2735
2012-12-26,1.2734,1.2734,1.2057,1.2057
2012-12-27,1.2509,1.2725,1.1680,1.2357
2012-12-28,1.2358,1.3338,1.1755,1.2509
2012-12-31,1.2810,1.2886,1.1906,1.2735
2013-01-02,1.3187,1.3262,1.2207,1.3187
2013-01-03,1.2584,1.3564,1.2584,1.3564
2013-01-04,1.3715,1.3865,1.3712,1.3790
2013-01-07,1.3790,1.3941,1.3675,1.3865
2013-01-08,1.3715,1.3850,1.3653,1.3791
2013-01-09,1.3715,1.3790,1.3715,1.3790
2013-01-10,1.3715,1.3790,1.3338,1.3790
2013-01-11,1.3865,1.3865,1.3489,1.3489
2013-01-14,1.3639,1.3639,1.3262,1.3338
2013-01-15,1.3338,1.3338,1.2886,1.3186
2013-01-16,1.3338,1.3413,1.2961,1.3338
2013-01-17,1.3715,1.3715,1.3338,1.3413
2013-01-18,1.3339,1.3564,1.3339,1.3564
2013-01-22,1.3564,1.3715,1.3262,1.3602
2013-01-23,1.3790,1.3790,1.3563,1.3639
2013-01-24,1.3564,1.3624,1.3187,1.3413
2013-01-25,1.3489,1.3564,1.3187,1.3338
2013-01-28,1.3337,1.3337,1.2810,1.2886
2013-01-29,1.2585,1.2886,1.2434,1.2810
2013-01-30,1.2810,1.2961,1.2358,1.2886
2013-01-31,1.3036,1.3036,1.2735,1.2810
2013-02-01,1.2886,1.3036,1.2810,1.2961
2013-02-04,1.2810,1.3338,1.2810,1.3262
2013-02-05,1.3262,1.3262,1.3262,1.3262
2013-02-06,1.2961,1.3067,1.2886,1.2886
2013-02-07,1.3112,1.3338,1.2961,1.3112
2013-02-08,1.3113,1.3113,1.3113,1.3113
2013-02-11,1.2961,1.3021,1.2434,1.2969
2013-02-12,1.2960,1.3111,1.2960,1.3111
2013-02-13,1.3112,1.3112,1.2810,1.2810
2013-02-14,1.2810,1.3036,1.2810,1.3036
2013-02-15,1.2961,1.3112,1.2810,1.3036
2013-02-19,1.2810,1.2886,1.2810,1.2810
2013-02-20,1.2810,1.2825,1.2735,1.2810
2013-02-21,1.2660,1.3111,1.2660,1.2810
2013-02-22,1.2810,1.3036,1.2810,1.2810
2013-02-25,1.2660,1.3262,1.2660,1.3187
2013-02-26,1.3187,1.3187,1.2810,1.3187
2013-02-27,1.2886,1.3187,1.2763,1.3187
2013-02-28,1.2886,1.3262,1.2810,1.2810
2013-03-01,1.2810,1.3036,1.2660,1.2810
2013-03-04,1.3036,1.3036,1.2810,1.2961
2013-03-05,1.2810,1.3413,1.2735,1.3413
2013-03-06,1.3413,1.3413,1.3338,1.3338
2013-03-07,1.3413,1.3564,1.3338,1.3564
2013-03-08,1.3489,1.3564,1.3338,1.3413
2013-03-11,1.3564,1.3715,1.3489,1.3564
2013-03-12,1.3639,1.3715,1.3564,1.3564
2013-03-13,1.3564,1.4242,1.3564,1.4016
2013-03-14,1.4016,1.4091,1.3715,1.4091
2013-03-15,1.3865,1.4242,1.3715,1.4242
2013-03-18,1.4242,1.4242,1.3713,1.3790
2013-03-19,1.3790,1.3941,1.3790,1.3865
2013-03-20,1.3715,1.3941,1.3639,1.3790
2013-03-21,1.3789,1.4091,1.3715,1.4091
2013-03-22,1.3948,1.4091,1.3865,1.3941
2013-03-25,1.3790,1.4092,1.3790,1.3790
2013-03-26,1.3715,1.3941,1.3564,1.3865
2013-03-27,1.3865,1.4016,1.3813,1.4016
2013-03-28,1.3790,1.5071,1.3790,1.5071
2013-04-01,1.4544,1.4694,1.4167,1.4468
2013-04-02,1.4393,1.4694,1.4167,1.4694
2013-04-03,1.4317,1.5070,1.4317,1.4920
2013-04-04,1.5071,1.5749,1.4694,1.5749
2013-04-05,1.5598,1.6126,1.5222,1.5681
2013-04-08,1.5975,1.5975,1.4845,1.5222
2013-04-09,1.5071,1.5410,1.5071,1.5222
2013-04-10,1.4996,1.5448,1.4770,1.5071
2013-04-11,1.5297,1.5666,1.5146,1.5523
2013-04-12,1.6427,1.6427,1.5448,1.5900
2013-04-15,1.5674,1.5674,1.5154,1.5523
2013-04-16,1.5523,1.5531,1.5297,1.5522
2013-04-17,1.5372,1.5825,1.5297,1.5749
2013-04-18,1.5900,1.5900,1.5672,1.5749
2013-04-19,1.5749,1.5900,1.5527,1.5674
2013-04-22,1.5222,1.5749,1.5222,1.5598
2013-04-23,1.5598,1.5674,1.5297,1.5598
2013-04-24,1.5817,1.5817,1.5448,1.5674
2013-04-25,1.5975,1.5975,1.5448,1.5825
2013-04-26,1.5975,1.5975,1.5523,1.5674
2013-04-29,1.5523,1.5674,1.5448,1.5674
2013-04-30,1.5674,1.5810,1.5674,1.5749
2013-05-01,1.5297,1.5825,1.5222,1.5674
2013-05-02,1.5757,1.6050,1.5749,1.5975
2013-05-03,1.5674,1.6125,1.5674,1.5749
2013-05-06,1.5975,1.6117,1.5449,1.5825
2013-05-07,1.5674,1.5900,1.5674,1.5825
2013-05-08,1.5448,1.5900,1.5448,1.5900
2013-05-09,1.5674,1.5674,1.5523,1.5523
2013-05-10,1.5674,1.5825,1.5674,1.5674
2013-05-13,1.5811,1.5825,1.5674,1.5674
2013-05-14,1.5825,1.5900,1.5749,1.5838
2013-05-15,1.5523,1.5900,1.5523,1.5825
2013-05-16,1.5749,1.5825,1.5598,1.5674
2013-05-17,1.5674,1.5757,1.5598,1.5757
2013-05-20,1.5674,1.5899,1.5674,1.5899
2013-05-21,1.5825,1.5900,1.5749,1.5900
2013-05-22,1.5900,1.5900,1.5674,1.5674
2013-05-23,1.5598,1.5820,1.5523,1.5749
2013-05-24,1.5757,1.5757,1.5757,1.5757
2013-05-28,1.5757,1.5900,1.5749,1.5900
2013-05-29,1.5749,1.5900,1.5674,1.5900
2013-05-30,1.5674,1.5899,1.5674,1.5825
2013-05-31,1.5975,1.5975,1.5749,1.5900
2013-06-03,1.5900,1.5975,1.5749,1.5750
2013-06-04,1.5448,1.6051,1.5448,1.6043
2013-06-05,1.5674,1.6051,1.5674,1.6051
2013-06-06,1.6051,1.6051,1.6051,1.6051
2013-06-07,1.5975,1.6201,1.5975,1.6051
2013-06-10,1.6058,1.6201,1.6058,1.6201
2013-06-11,1.5975,1.6277,1.5975,1.6277
2013-06-12,1.6051,1.6352,1.6051,1.6201
2013-06-13,1.6051,1.6277,1.6051,1.6277
2013-06-14,1.6051,1.6354,1.6051,1.6145
2013-06-17,1.6051,1.6427,1.6051,1.6201
2013-06-18,1.6138,1.6503,1.6138,1.6503
2013-06-19,1.6298,1.6298,1.6126,1.6126
2013-06-20,1.6051,1.6352,1.6051,1.6164
2013-06-21,1.6201,1.6503,1.6201,1.6503
2013-06-24,1.6503,1.6503,1.6201,1.6503
2013-06-25,1.6503,1.6503,1.6247,1.6277
2013-06-26,1.6080,1.6427,1.6080,1.6427
2013-06-27,1.6352,1.6427,1.6201,1.6201
2013-06-28,1.6201,1.6503,1.6201,1.6277
2013-07-01,1.6277,1.6503,1.6201,1.6503
2013-07-02,1.6277,1.6503,1.6201,1.6503
2013-07-03,1.6277,1.6352,1.6277,1.6352
2013-07-05,1.6352,1.6352,1.6201,1.6322
2013-07-08,1.5975,1.6352,1.5825,1.6352
2013-07-09,1.6503,1.6578,1.6278,1.6578
2013-07-10,1.6503,1.6503,1.6126,1.6126
2013-07-11,1.6503,1.6503,1.6401,1.6502
2013-07-12,1.6578,1.6653,1.6427,1.6427
2013-07-15,1.6352,1.6718,1.6352,1.6578
2013-07-16,1.6578,1.6578,1.6502,1.6503
2013-07-17,1.6503,1.6729,1.6352,1.6653
2013-07-18,1.6661,1.6955,1.6653,1.6804
2013-07-19,1.6804,1.7030,1.6578,1.7030
2013-07-22,1.7181,1.7332,1.7030,1.7332
2013-07-23,1.7482,1.7708,1.6955,1.7181
2013-07-24,1.7558,1.8311,1.7181,1.7708
2013-07-25,1.8409,1.8409,1.7708,1.7708
2013-07-26,1.8387,1.8763,1.6955,1.8085
2013-07-29,1.8236,1.8613,1.8236,1.8613
2013-07-30,1.8839,1.9366,1.8688,1.9139
2013-07-31,1.9065,2.0120,1.8914,1.9291
2013-08-01,1.9442,2.0497,1.8763,1.9894
2013-08-02,1.9969,2.0497,1.9517,2.0044
2013-08-05,2.0195,2.0195,1.8839,1.9170
2013-08-06,1.9517,1.9931,1.8839,1.8839
2013-08-07,1.8839,1.8839,1.7558,1.7784
2013-08-08,1.7784,1.8613,1.7332,1.8613
2013-08-09,1.8839,1.8839,1.8085,1.8311
2013-08-12,1.8463,1.8688,1.8085,1.8161
2013-08-13,1.8085,1.9404,1.8085,1.9216
2013-08-14,1.9517,1.9517,1.8462,1.8613
2013-08-15,1.8462,1.8756,1.8160,1.8537
2013-08-16,1.8537,1.8839,1.8085,1.8763
2013-08-19,1.8763,1.8763,1.8462,1.8462
2013-08-20,1.8763,1.8839,1.8462,1.8462
2013-08-21,1.8462,1.8492,1.8462,1.8462
2013-08-22,1.8462,1.8763,1.8085,1.8613
2013-08-23,1.8771,2.0723,1.8387,1.8387
2013-08-26,1.8537,1.9365,1.8462,1.8462
2013-08-27,1.8319,1.9668,1.8236,1.8311
2013-08-28,1.8387,1.8688,1.8010,1.8236
2013-08-29,1.8462,1.8462,1.8311,1.8387
2013-08-30,1.8537,1.8537,1.8311,1.8383
2013-09-03,1.8311,1.8387,1.7407,1.8387
2013-09-04,1.8311,1.8387,1.7934,1.8311
2013-09-05,1.8010,1.8311,1.7714,1.8236
2013-09-06,1.8311,1.8839,1.8161,1.8613
2013-09-09,1.8688,1.8763,1.8387,1.8462
2013-09-10,1.8387,1.8688,1.8236,1.8236
2013-09-11,1.7934,1.8613,1.7934,1.8387
2013-09-12,1.8311,1.8462,1.7784,1.8236
2013-09-13,1.8377,1.8537,1.8161,1.8387
2013-09-16,1.8387,1.8462,1.7708,1.8085
2013-09-17,1.8085,1.8304,1.7785,1.8161
2013-09-18,1.8304,1.8462,1.8236,1.8462
2013-09-19,1.8537,1.9291,1.8236,1.8387
2013-09-20,1.8161,1.8462,1.7407,1.7407
2013-09-23,1.7487,1.7934,1.7407,1.7859
2013-09-24,1.8084,1.8161,1.7934,1.8085
2013-09-25,1.7934,1.8236,1.7934,1.8161
2013-09-26,1.8161,1.8161,1.7708,1.7859
2013-09-27,1.8085,1.8236,1.8085,1.8085
2013-09-30,1.8236,1.8236,1.7934,1.8085
2013-10-01,1.7633,1.8462,1.5900,1.7558
2013-10-02,1.7482,1.7934,1.7256,1.7558
2013-10-03,1.7784,1.7934,1.6578,1.7784
2013-10-04,1.7648,1.7856,1.7648,1.7708
2013-10-07,1.7784,1.8153,1.7784,1.7784
2013-10-08,1.7784,1.8010,1.7784,1.7859
2013-10-09,1.7784,1.7859,1.6277,1.7482
2013-10-10,1.6872,1.7256,1.6872,1.7181
2013-10-11,1.7030,1.7332,1.6757,1.7332
2013-10-14,1.7106,1.8161,1.7106,1.8085
2013-10-15,1.7859,1.8311,1.7407,1.7708
2013-10-16,1.7633,1.8462,1.7407,1.8462
2013-10-17,1.7784,1.8236,1.7369,1.8010
2013-10-18,1.8914,1.9593,1.8010,1.8085
2013-10-21,1.7558,1.8011,1.7407,1.7482
2013-10-22,1.7708,1.8463,1.7558,1.8048
2013-10-23,1.8010,1.8462,1.7708,1.7859
2013-10-24,1.7784,1.8839,1.6729,1.7106
2013-10-25,1.7558,1.8311,1.7181,1.7256
2013-10-28,1.7332,1.8236,1.7332,1.7482
2013-10-29,1.7558,1.8538,1.7558,1.8236
2013-10-30,1.8085,1.8085,1.7784,1.8085
2013-10-31,1.8381,1.8613,1.7784,1.7784
2013-11-01,1.7934,1.8462,1.7859,1.8235
2013-11-04,1.8236,1.8310,1.7867,1.7934
2013-11-05,1.7784,1.8310,1.7482,1.7482
2013-11-06,1.7847,1.8770,1.7847,1.8462
2013-11-07,1.8462,1.8462,1.7923,1.8077
2013-11-08,1.7923,1.8539,1.7923,1.8154
2013-11-11,1.8123,1.8462,1.7923,1.8231
2013-11-12,1.8462,1.8770,1.8385,1.8616
2013-11-13,1.8231,1.8693,1.8154,1.8693
2013-11-14,1.8770,1.8770,1.8616,1.8770
2013-11-15,1.8693,1.8847,1.8693,1.8847
2013-11-18,1.9077,1.9385,1.9077,1.9231
2013-11-19,1.9077,1.9308,1.9077,1.9308
2013-11-20,1.9162,1.9190,1.9077,1.9077
2013-11-21,1.9077,1.9693,1.8693,1.9539
2013-11-22,1.9308,1.9693,1.9000,1.9600
2013-11-25,1.9308,1.9769,1.8693,1.9077
2013-11-26,1.8847,1.9385,1.8847,1.9231
2013-11-27,1.9616,1.9770,1.9385,1.9539
2013-11-29,1.9539,1.9693,1.9539,1.9616
2013-12-02,1.9385,1.9924,1.9077,1.9539
2013-12-03,1.9693,1.9924,1.9616,1.9616
2013-12-04,1.9924,1.9924,1.9770,1.9770
2013-12-05,1.9616,1.9847,1.9308,1.9539
2013-12-06,1.9385,2.0000,1.8693,1.9000
2013-12-09,1.9304,1.9539,1.8885,1.9077
2013-12-10,1.9308,1.9539,1.8924,1.8924
2013-12-11,1.9000,1.9000,1.8616,1.8616
2013-12-12,1.8616,1.9770,1.8616,1.8616
2013-12-13,1.8770,1.8846,1.8616,1.8846
2013-12-16,1.9154,1.9540,1.8693,1.8693
2013-12-17,1.8700,1.8924,1.8693,1.8693
2013-12-18,1.8924,1.9693,1.8616,1.8924
2013-12-19,1.9385,1.9693,1.8616,1.8770
2013-12-20,1.9231,1.9617,1.8616,1.9000
2013-12-23,1.9154,1.9154,1.8616,1.8847
2013-12-24,1.9307,1.9616,1.8931,1.9231
2013-12-26,1.9693,1.9693,1.9077,1.9385
2013-12-27,1.9616,1.9616,1.9231,1.9231
2013-12-30,1.9481,1.9481,1.8462,1.8539
2013-12-31,1.8847,1.9770,1.8539,1.9308
2014-01-02,1.8854,1.9231,1.8617,1.9231
2014-01-03,1.9386,1.9770,1.8539,1.8539
2014-01-06,1.8924,1.9461,1.8693,1.8924
2014-01-07,1.9077,1.9577,1.8693,1.9154
2014-01-08,1.9231,1.9231,1.9154,1.9154
2014-01-09,1.9231,1.9308,1.8924,1.9000
2014-01-10,1.9077,1.9300,1.8847,1.8924
2014-01-13,1.8952,1.9539,1.8703,1.8924
2014-01-14,1.9077,1.9462,1.8539,1.8770
2014-01-15,1.8539,1.8924,1.8077,1.8308
2014-01-16,1.8462,1.8769,1.8077,1.8462
2014-01-17,1.8308,1.8462,1.7693,1.8077
2014-01-21,1.7616,1.8231,1.7077,1.7616
2014-01-22,1.8539,1.8539,1.6854,1.7923
2014-01-23,1.8154,1.8154,1.7316,1.7528
2014-01-24,1.8000,1.8000,1.6616,1.7785
2014-01-27,1.7000,1.8154,1.7000,1.7308
2014-01-28,1.7385,1.8077,1.5770,1.7154
2014-01-29,1.7077,1.7154,1.6847,1.6847
2014-01-30,1.6693,1.8770,1.6693,1.8000
2014-01-31,1.8000,1.8377,1.6462,1.7923
2014-02-03,1.8154,1.8154,1.6308,1.6923
2014-02-04,1.6923,1.8308,1.6923,1.8231
2014-02-05,1.8000,1.8616,1.8000,1.8470
2014-02-06,1.8616,1.8770,1.8462,1.8770
2014-02-07,1.8693,1.9231,1.8693,1.9231
2014-02-10,1.9154,1.9154,1.8847,1.9077
2014-02-11,1.8539,1.9000,1.8539,1.9000
2014-02-12,1.8924,1.9000,1.8770,1.8847
2014-02-13,1.8540,1.8693,1.8539,1.8539
2014-02-14,1.8462,1.8462,1.7923,1.8077
2014-02-18,1.8077,1.8077,1.7077,1.7539
2014-02-19,1.7385,1.8077,1.7000,1.7693
2014-02-20,1.7385,1.7461,1.6770,1.7308
2014-02-21,1.7308,1.7770,1.7308,1.7693
2014-02-24,1.8000,1.8000,1.7154,1.7385
2014-02-25,1.7462,1.7693,1.7308,1.7693
2014-02-26,1.7692,1.8077,1.7308,1.7339
2014-02-27,1.7548,1.7847,1.7386,1.7770
2014-02-28,1.7451,1.7770,1.7308,1.7308
2014-03-03,1.7385,1.8000,1.7231,1.7693
2014-03-04,1.7514,1.8000,1.7462,1.7692
2014-03-05,1.7616,1.7693,1.7616,1.7693
2014-03-06,1.7616,1.7693,1.7270,1.7462
2014-03-07,1.7539,1.7923,1.7539,1.7693
2014-03-10,1.7923,1.8078,1.7923,1.7923
2014-03-11,1.7923,1.8000,1.7539,1.7539
2014-03-12,1.7385,1.7616,1.7385,1.7539
2014-03-13,1.7847,1.7931,1.7462,1.7462
2014-03-14,1.8078,1.8308,1.8078,1.8308
2014-03-17,1.7386,1.7847,1.7386,1.7462
2014-03-18,1.7539,1.8000,1.7539,1.7616
2014-03-19,1.7693,1.7693,1.7385,1.7385
2014-03-20,1.7770,1.7770,1.7770,1.7770
2014-03-21,1.7462,1.7923,1.7308,1.7923
2014-03-24,1.8385,1.8461,1.8308,1.8308
2014-03-25,1.8309,1.8385,1.8308,1.8385
2014-03-26,1.8308,1.8462,1.8308,1.8385
2014-03-27,1.8308,1.8616,1.8308,1.8462
2014-03-28,1.8462,1.8539,1.8462,1.8462
2014-03-31,1.8924,1.9231,1.8924,1.9231
2014-04-01,1.9770,1.9770,1.8924,1.8924
2014-04-02,1.8780,1.9154,1.8462,1.8770
2014-04-03,1.9231,1.9308,1.8462,1.8539
2014-04-04,1.7923,1.8847,1.7923,1.8077
2014-04-07,1.7923,1.7923,1.7616,1.7847
2014-04-08,1.8231,1.8231,1.8231,1.8231
2014-04-09,1.8077,1.8077,1.7847,1.7847
2014-04-10,1.7693,1.7847,1.7385,1.7462
2014-04-11,1.7462,1.7617,1.7462,1.7616
2014-04-14,1.7470,1.7470,1.7231,1.7308
2014-04-15,1.7462,1.7462,1.7231,1.7461
2014-04-16,1.7308,1.7616,1.7308,1.7616
2014-04-17,1.7385,1.7577,1.6847,1.7308
2014-04-21,1.8307,1.8308,1.7308,1.7462
2014-04-22,1.7385,1.7539,1.7077,1.7308
2014-04-23,1.7274,1.7539,1.7154,1.7154
2014-04-24,1.7308,1.7385,1.6847,1.7231
2014-04-25,1.8077,1.8077,1.6000,1.7231
2014-04-28,1.7385,1.7462,1.7154,1.7385
2014-04-29,1.7390,1.7616,1.7390,1.7616
2014-04-30,1.7977,1.8077,1.7847,1.8000
2014-05-01,1.8000,1.8000,1.8000,1.8000
2014-05-02,1.7538,1.8027,1.7308,1.7539
2014-05-05,1.7700,1.7770,1.7308,1.7308
2014-05-06,1.7077,1.7308,1.7077,1.7231
2014-05-07,1.7154,1.7693,1.7154,1.7154
2014-05-08,1.8077,1.8077,1.7308,1.7308
2014-05-09,1.7308,1.7539,1.6923,1.7308
2014-05-12,1.7344,1.8077,1.7077,1.7077
2014-05-13,1.7708,1.7708,1.7085,1.7308
2014-05-14,1.7231,1.7231,1.6770,1.7231
2014-05-15,1.6693,1.7308,1.6693,1.7231
2014-05-16,1.7155,1.7923,1.7155,1.7385
2014-05-19,1.7385,1.7385,1.7385,1.7385
2014-05-20,1.7308,1.7308,1.7077,1.7231
2014-05-21,1.7308,1.7308,1.7231,1.7231
2014-05-22,1.7385,1.7400,1.7231,1.7231
2014-05-23,1.7231,1.7847,1.7231,1.7462
2014-05-27,1.6923,1.7332,1.6539,1.7000
2014-05-28,1.7308,1.7693,1.7308,1.7539
2014-05-29,1.8616,2.1777,1.8462,2.1231
2014-05-30,2.1693,2.1693,2.0462,2.0693
2014-06-02,2.0770,2.0770,1.9694,2.0693
2014-06-03,2.0462,2.1308,2.0231,2.0770
2014-06-04,2.0770,2.0847,2.0385,2.0770
2014-06-05,2.0770,2.0808,2.0000,2.0385
2014-06-06,1.9770,2.0385,1.9616,2.0077
2014-06-09,2.0770,2.0770,2.0231,2.0385
2014-06-10,2.0543,2.0693,2.0385,2.0385
2014-06-11,2.0539,2.1154,2.0462,2.0847
2014-06-12,1.9770,2.1001,1.9693,2.0847
2014-06-13,2.0985,2.1077,2.0770,2.0770
2014-06-16,2.0539,2.1539,1.9692,1.9924
2014-06-17,1.9693,2.0847,1.9693,2.0385
2014-06-18,2.0385,2.0385,2.0154,2.0231
2014-06-19,2.2177,2.2177,2.1308,2.1308
2014-06-20,2.1616,2.1692,2.0385,2.1077
2014-06-23,2.1385,2.3693,2.1385,2.2770
2014-06-24,2.3077,2.3077,2.2617,2.2693
2014-06-25,2.2616,2.2847,2.1900,2.2077
2014-06-26,2.2308,2.2308,2.1540,2.1616
2014-06-27,2.1316,2.1539,2.1077,2.1539
2014-06-30,2.2385,2.2539,1.9847,2.2231
2014-07-01,2.2385,2.2385,2.1154,2.1693
2014-07-02,2.1308,2.2077,2.0616,2.0770
2014-07-03,2.0385,2.1116,2.0385,2.0770
2014-07-07,2.2154,2.2154,2.0924,2.1000
2014-07-08,2.0693,2.0770,2.0342,2.0616
2014-07-09,2.1693,2.2308,2.0693,2.1231
2014-07-10,2.1539,2.2308,2.1231,2.1924
2014-07-11,2.1770,2.1770,2.1001,2.1308
2014-07-14,2.0957,2.1847,2.0957,2.1539
2014-07-15,2.1231,2.2270,2.1077,2.1924
2014-07-16,2.2077,2.2077,2.1231,2.1539
2014-07-17,2.0924,2.1693,2.0924,2.1308
2014-07-18,2.1462,2.1693,2.1462,2.1539
2014-07-21,2.1586,2.1586,2.1231,2.1385
2014-07-22,2.1308,2.1998,2.1308,2.1693
2014-07-23,2.1539,2.1539,2.1520,2.1520
2014-07-24,2.1461,2.2154,2.1461,2.2154
2014-07-25,2.2308,2.3154,2.2231,2.2462
2014-07-28,2.2231,2.2385,2.2154,2.2154
2014-07-29,2.1615,2.1616,2.0154,2.1616
2014-07-30,2.1770,2.1770,2.0770,2.1231
2014-07-31,2.1231,2.1385,2.1000,2.1308
2014-08-01,2.1385,2.1385,2.1077,2.1077
2014-08-04,2.1071,2.1462,2.0770,2.1000
2014-08-05,2.1154,2.1154,2.0847,2.0847
2014-08-06,2.1000,2.1385,2.0847,2.0924
2014-08-07,2.0770,2.1539,2.0770,2.1231
2014-08-08,2.1000,2.1308,2.0924,2.1077
2014-08-11,2.1008,2.1077,2.1008,2.1077
2014-08-12,2.1000,2.1308,2.0847,2.1077
2014-08-13,2.1462,2.1462,2.0847,2.1154
2014-08-14,2.1154,2.1462,2.1077,2.1462
2014-08-15,2.1231,2.1308,2.1000,2.1308
2014-08-18,2.1539,2.1539,2.0538,2.0770
2014-08-19,2.0770,2.2000,2.0770,2.1077
2014-08-20,2.0924,2.0924,2.0847,2.0924
2014-08-21,2.0770,2.1034,2.0770,2.0847
2014-08-22,2.0847,2.0847,2.0847,2.0847
2014-08-25,2.1154,2.1847,1.9924,2.0308
2014-08-26,2.0154,2.0539,1.9616,1.9924
2014-08-27,2.0000,2.0924,2.0000,2.0693
2014-08-28,2.0693,2.0770,2.0662,2.0693
2014-08-29,2.0770,2.0770,2.0770,2.0770
2014-09-02,2.0770,2.0770,2.0462,2.0462
2014-09-03,2.0231,2.1385,1.9847,2.0077
2014-09-04,1.9770,2.0231,1.9693,1.9847
2014-09-05,2.0385,2.8539,1.9539,1.9924
2014-09-08,1.9846,1.9924,1.9462,1.9539
2014-09-09,1.9457,1.9462,1.9231,1.9462
2014-09-10,1.9385,1.9472,1.9308,1.9385
2014-09-11,1.9539,1.9539,1.8462,1.8770
2014-09-12,1.8385,1.8616,1.8308,1.8539
2014-09-15,1.8462,1.8539,1.8231,1.8462
2014-09-16,1.8462,1.8616,1.8154,1.8462
2014-09-17,1.8616,1.8616,1.7973,1.8231
2014-09-18,1.8000,1.8231,1.7923,1.7923
2014-09-19,1.8077,1.8154,1.7539,1.7923
2014-09-22,1.7847,1.7847,1.7493,1.7616
2014-09-23,1.7539,1.8232,1.7462,1.7539
2014-09-24,1.7463,1.7923,1.7463,1.7923
2014-09-25,1.8000,1.8000,1.7923,1.7923
2014-09-26,1.7923,1.7923,1.7923,1.7923
2014-09-29,1.7923,1.7923,1.7923,1.7923
2014-09-30,1.8154,1.8462,1.7462,1.7770
2014-10-01,1.7594,1.7594,1.7462,1.7462
2014-10-02,1.7731,1.8231,1.7616,1.8231
2014-10-03,1.8308,1.8308,1.7770,1.7770
2014-10-06,1.7781,1.7923,1.7770,1.7770
2014-10-07,1.7923,1.8077,1.7462,1.7462
2014-10-08,1.7462,1.7685,1.7462,1.7616
2014-10-09,1.7693,1.7693,1.7539,1.7539
2014-10-10,1.7693,1.7693,1.7693,1.7693
2014-10-13,1.7462,1.7616,1.7462,1.7462
2014-10-14,1.7615,1.7692,1.7474,1.7474
2014-10-15,1.7485,1.7540,1.7462,1.7539
2014-10-16,1.7539,1.7539,1.7477,1.7477
2014-10-17,1.7692,1.7692,1.7462,1.7462
2014-10-20,1.7308,1.7400,1.6923,1.7307
2014-10-21,1.7308,1.8462,1.7308,1.8462
2014-10-22,1.8462,1.8693,1.7677,1.8231
2014-10-23,1.7661,1.8000,1.7661,1.8000
2014-10-24,1.8000,1.8385,1.8000,1.8154
2014-10-27,1.8077,1.8462,1.7923,1.8000
2014-10-28,1.8077,1.8539,1.8000,1.8000
2014-10-29,1.8000,1.8539,1.8000,1.8539
2014-10-30,1.8693,1.8693,1.8077,1.8077
2014-10-31,1.8523,1.8523,1.8523,1.8523
2014-11-03,1.8016,1.8016,1.7693,1.7693
2014-11-04,1.7693,1.7693,1.7693,1.7693
2014-11-05,1.7616,1.8077,1.7231,1.8077
2014-11-06,1.8244,1.8391,1.8154,1.8154
2014-11-07,1.8854,1.9019,1.8854,1.8940
2014-11-10,1.8469,1.8625,1.8469,1.8469
2014-11-11,1.8547,1.8783,1.8547,1.8704
2014-11-12,1.8704,1.8704,1.8704,1.8704
2014-11-13,1.8469,1.8469,1.8076,1.8311
2014-11-14,1.8627,1.8759,1.8547,1.8626
2014-11-17,1.8288,1.8783,1.8233,1.8783
2014-11-18,1.8154,1.8704,1.7761,1.8076
2014-11-19,1.8311,1.8629,1.8311,1.8629
2014-11-20,1.8626,1.8626,1.8546,1.8547
2014-11-21,1.8814,1.8814,1.8469,1.8547
2014-11-24,1.7604,1.9647,1.7386,1.9647
2014-11-25,1.9647,2.0040,1.8469,1.9255
2014-11-26,1.9333,1.9883,1.9333,1.9490
2014-11-28,1.9962,2.0268,1.9255,2.0198
2014-12-01,2.0550,2.0748,2.0355,2.0355
2014-12-02,2.0356,2.0669,2.0356,2.0669
2014-12-03,2.1141,2.1141,2.0513,2.0669
2014-12-04,2.0355,2.0433,1.9490,1.9805
2014-12-05,1.9333,2.1062,1.9333,2.0669
2014-12-08,2.0198,2.0198,2.0198,2.0198
2014-12-09,2.0040,2.0591,2.0040,2.0512
2014-12-10,2.1062,2.1062,1.9726,1.9805
2014-12-11,2.0300,2.0300,1.9255,1.9255
2014-12-12,1.9423,1.9423,1.9255,1.9255
2014-12-15,1.9255,1.9333,1.9255,1.9333
2014-12-16,1.8924,1.8924,1.7840,1.7997
2014-12-17,1.7918,1.8862,1.7918,1.8469
2014-12-18,1.8940,1.9255,1.8311,1.9255
2014-12-19,1.9176,1.9255,1.8705,1.9097
2014-12-22,1.8862,2.2005,1.8704,2.2005
2014-12-23,2.0433,2.0983,2.0119,2.0591
2014-12-24,2.1141,2.1298,2.0119,2.0119
2014-12-26,2.0198,2.0512,2.0040,2.0512
2014-12-29,2.0040,2.0748,2.0040,2.0591
2014-12-30,2.0983,2.0983,2.0669,2.0669
2014-12-31,2.0668,2.0668,2.0512,2.0512
2015-01-02,1.9805,2.0040,1.9176,1.9176
2015-01-05,1.9255,2.0276,1.9255,1.9349
2015-01-06,1.9805,2.0433,1.9176,2.0433
2015-01-07,2.0677,2.1612,2.0355,2.0905
2015-01-08,2.1141,2.1141,2.1141,2.1141
2015-01-09,2.1218,2.1219,2.0748,2.1140
2015-01-12,2.1141,2.1141,2.0748,2.0749
2015-01-13,2.0433,2.1219,2.0433,2.1062
2015-01-14,2.0591,2.0591,2.0591,2.0591
2015-01-15,2.0591,2.0826,2.0591,2.0826
2015-01-16,2.0040,2.0669,2.0040,2.0669
2015-01-20,2.0292,2.0292,1.9176,1.9962
2015-01-21,1.9962,1.9962,1.9962,1.9962
2015-01-22,2.0641,2.0641,1.9490,2.0591
2015-01-23,2.0355,2.0748,2.0040,2.0433
2015-01-26,2.0983,2.0983,2.0669,2.0669
2015-01-27,2.0983,2.0983,2.0040,2.0669
2015-01-28,2.0670,2.0826,2.0670,2.0826
2015-01-29,2.0905,2.0905,2.0591,2.0591
2015-01-30,2.0670,2.0826,2.0669,2.0748
2015-02-02,2.0669,2.0983,2.0591,2.0591
2015-02-03,2.0591,2.0926,2.0591,2.0591
2015-02-04,2.0669,2.0669,2.0669,2.0669
2015-02-05,2.0591,2.0591,2.0591,2.0591
2015-02-06,2.0591,2.0783,2.0591,2.0591
2015-02-09,2.0347,2.0354,1.9726,1.9726
2015-02-10,1.9255,1.9824,1.9255,1.9647
2015-02-11,1.9564,2.0433,1.9490,1.9490
2015-02-12,1.9490,1.9490,1.9490,1.9490
2015-02-13,1.9726,1.9962,1.9333,1.9883
2015-02-17,2.0198,2.0198,1.8862,1.8862
2015-02-18,1.9286,1.9333,1.8547,1.8783
2015-02-19,1.8704,1.9037,1.8154,1.8862
2015-02-20,1.8390,1.8940,1.8390,1.8940
2015-02-23,1.9176,1.9176,1.7918,1.7918
2015-02-24,1.8618,1.9490,1.8390,1.9097
2015-02-25,1.9097,2.0119,1.9097,1.9726
2015-02-26,1.9569,2.0512,1.9333,2.0512
2015-02-27,1.9962,2.0119,1.9490,1.9647
2015-03-02,2.0119,2.0119,2.0119,2.0119
2015-03-03,1.9726,2.0119,1.9176,1.9333
2015-03-04,1.8862,1.9962,1.8862,1.9962
2015-03-05,1.9718,1.9718,1.8862,1.9314
2015-03-06,1.9314,1.9314,1.9314,1.9314
2015-03-09,1.8626,1.8979,1.7761,1.7997
2015-03-10,1.7683,1.8256,1.7447,1.7761
2015-03-11,1.8862,1.8862,1.6818,1.7447
2015-03-12,1.7368,1.7447,1.7133,1.7133
2015-03-13,1.6897,1.7918,1.6897,1.7290
2015-03-16,1.7683,1.7683,1.6897,1.6975
2015-03-17,1.7290,1.7290,1.6504,1.6818
2015-03-18,1.6740,1.7211,1.6740,1.6897
2015-03-19,1.6818,1.7997,1.6818,1.7997
2015-03-20,1.8154,1.8783,1.6818,1.7447
2015-03-23,1.7604,1.7761,1.7526,1.7526
2015-03-24,1.7683,1.7683,1.6975,1.6975
2015-03-25,1.6740,1.9883,1.6740,1.9726
2015-03-26,2.0512,2.2398,2.0512,2.0591
2015-03-27,1.9726,2.0276,1.9255,1.9805
2015-03-30,2.0355,2.0355,1.9879,1.9883
2015-03-31,2.0119,2.0198,1.8311,1.8626
2015-04-01,1.9097,1.9412,1.9097,1.9333
2015-04-02,1.9176,2.0119,1.8469,1.9176
2015-04-06,1.9333,1.9569,1.7840,1.7840
2015-04-07,1.7761,1.8547,1.7290,1.7840
2015-04-08,1.8233,1.8233,1.7683,1.7997
2015-04-09,1.8233,1.9019,1.7683,1.8233
2015-04-10,1.7683,1.8390,1.7683,1.7918
2015-04-13,1.7840,1.8625,1.7840,1.7997
2015-04-14,1.7840,1.8626,1.7840,1.8469
2015-04-15,1.8390,1.8704,1.7840,1.8233
2015-04-16,1.7840,1.8555,1.7840,1.8469
2015-04-17,1.8389,1.8783,1.7761,1.8311
2015-04-20,1.8626,1.8783,1.8469,1.8469
2015-04-21,1.8390,1.8626,1.7918,1.8547
2015-04-22,1.8469,1.8626,1.7840,1.8390
2015-04-23,1.8547,1.9255,1.8547,1.8940
2015-04-24,1.8954,1.8954,1.8154,1.8783
2015-04-27,1.8862,1.8862,1.8390,1.8626
2015-04-28,1.8783,1.8862,1.8154,1.8704
2015-04-29,1.9129,1.9129,1.8862,1.8862
2015-04-30,1.8476,1.9255,1.8476,1.9255
2015-05-01,1.8626,1.9333,1.7683,1.8233
2015-05-04,1.8076,1.8862,1.7133,1.8390
2015-05-05,1.8311,1.8311,1.7683,1.8154
2015-05-06,1.8469,1.8940,1.8469,1.8626
2015-05-07,1.7997,1.8626,1.7997,1.8311
2015-05-08,1.7918,1.8783,1.7918,1.8704
2015-05-11,1.8390,1.8626,1.8154,1.8547
2015-05-12,1.8076,1.8862,1.8076,1.8862
2015-05-13,1.8469,1.8469,1.8076,1.8154
2015-05-14,1.8469,1.9255,1.8233,1.8704
2015-05-15,1.8390,1.8940,1.8390,1.8940
2015-05-18,1.8783,1.8783,1.8547,1.8704
2015-05-19,1.8626,1.8626,1.8547,1.8547
2015-05-20,1.8233,1.9412,1.7997,1.8390
2015-05-21,1.8233,1.8939,1.8233,1.8469
2015-05-22,1.8783,1.8783,1.7761,1.8154
2015-05-26,1.7761,1.8076,1.7604,1.7856
2015-05-27,1.7683,1.8547,1.7604,1.8311
2015-05-28,1.8076,1.8234,1.8076,1.8234
2015-05-29,1.8469,1.8783,1.8469,1.8704
2015-06-01,1.8233,1.8390,1.8233,1.8311
2015-06-02,1.8233,1.8233,1.8233,1.8233
2015-06-03,1.8076,1.8232,1.8076,1.8232
2015-06-04,1.8233,1.8233,1.8214,1.8233
2015-06-05,1.7998,1.8154,1.7998,1.8076
2015-06-08,1.8311,1.8311,1.7997,1.7997
2015-06-09,1.7769,1.7997,1.7684,1.7918
2015-06-10,1.7840,1.8626,1.7761,1.8154
2015-06-11,1.8154,1.8626,1.8076,1.8076
2015-06-12,1.8104,1.8311,1.8076,1.8076
2015-06-15,1.7761,1.8098,1.7761,1.7918
2015-06-16,1.7761,1.8076,1.7761,1.7761
2015-06-17,1.7761,1.8233,1.7761,1.8076
2015-06-18,1.7840,1.8249,1.7840,1.7918
2015-06-19,1.7997,1.8154,1.7997,1.8154
2015-06-22,1.8154,1.8154,1.7533,1.7840
2015-06-23,1.7840,1.7840,1.7840,1.7840
2015-06-24,1.7840,1.7840,1.7840,1.7840
2015-06-25,1.7722,1.7722,1.7604,1.7604
2015-06-26,1.7368,1.7368,1.7290,1.7368
2015-06-29,1.7290,1.7290,1.6897,1.6975
2015-06-30,1.6740,1.7533,1.6582,1.7368
2015-07-01,1.6975,1.7290,1.6975,1.7290
2015-07-02,1.7290,1.7722,1.7290,1.7447
2015-07-06,1.7290,1.7368,1.6582,1.7290
2015-07-07,1.7062,1.7447,1.6504,1.7447
2015-07-08,1.7290,1.7997,1.7290,1.7368
2015-07-09,1.7448,1.8076,1.7368,1.7368
2015-07-10,1.7388,1.7840,1.7388,1.7840
2015-07-13,1.7526,1.7840,1.7526,1.7840
2015-07-14,1.7911,1.8233,1.7604,1.7604
2015-07-15,1.7604,1.7604,1.7604,1.7604
2015-07-16,1.7840,1.7840,1.7840,1.7840
2015-07-17,1.7833,1.7833,1.7290,1.7604
2015-07-20,1.7416,1.7604,1.7416,1.7604
2015-07-21,1.7290,1.7683,1.7290,1.7683
2015-07-22,1.7761,1.7761,1.7683,1.7683
2015-07-23,1.7291,1.7291,1.7291,1.7291
2015-07-24,1.7448,1.7761,1.7448,1.7526
2015-07-27,1.7526,1.7526,1.7526,1.7526
2015-07-28,1.7761,1.8075,1.7761,1.7840
2015-07-29,1.7762,1.7938,1.7761,1.7761
2015-07-30,1.7918,1.8390,1.7761,1.8233
2015-07-31,1.8469,1.8469,1.8155,1.8155
2015-08-03,1.8390,1.8390,1.8390,1.8390
2015-08-04,1.8469,1.8469,1.8469,1.8469
2015-08-05,1.8311,1.8704,1.8311,1.8704
2015-08-06,1.8704,1.8704,1.8544,1.8704
2015-08-07,1.8547,1.8697,1.8469,1.8469
2015-08-10,1.8076,1.8076,1.8076,1.8076
2015-08-11,1.8076,1.8154,1.8076,1.8154
2015-08-12,1.8469,1.8469,1.8469,1.8469
2015-08-13,1.8409,1.8468,1.8311,1.8311
2015-08-14,1.8084,1.8095,1.8076,1.8076
2015-08-17,1.8626,1.8626,1.8233,1.8233
2015-08-18,1.8468,1.8469,1.8468,1.8469
2015-08-19,1.8704,1.8704,1.8469,1.8469
2015-08-20,1.8626,1.8626,1.8626,1.8626
2015-08-21,1.8154,1.8154,1.7840,1.7997
2015-08-24,1.7683,1.7997,1.7526,1.7683
2015-08-25,1.8311,1.8311,1.8076,1.8076
2015-08-26,1.8076,1.8311,1.8076,1.8076
2015-08-27,1.8154,1.9019,1.8076,1.8154
2015-08-28,1.8076,1.8280,1.8076,1.8233
2015-08-31,1.8546,1.8546,1.8261,1.8469
2015-09-01,1.8076,1.9019,1.7683,1.7997
2015-09-02,1.8233,1.8469,1.7683,1.8076
2015-09-03,1.8469,1.8469,1.8076,1.8469
2015-09-04,1.7881,1.8547,1.7881,1.8469
2015-09-08,1.8469,1.8469,1.8076,1.8076
2015-09-09,1.8076,1.8704,1.8076,1.8076
2015-09-10,1.8076,1.8468,1.8076,1.8468
2015-09-11,1.8234,1.8469,1.8076,1.8390
2015-09-14,1.8233,1.8233,1.8076,1.8076
2015-09-15,1.8076,1.8154,1.8076,1.8154
2015-09-16,1.8076,1.8390,1.8076,1.8390
2015-09-17,1.8076,1.8076,1.8076,1.8076
2015-09-18,1.8076,1.8469,1.7683,1.8469
2015-09-21,1.8390,1.8390,1.8154,1.8233
2015-09-22,1.8076,1.8233,1.8076,1.8233
2015-09-23,1.8311,1.8311,1.8076,1.8123
2015-09-24,1.8429,1.8508,1.7290,1.7918
2015-09-25,1.7604,1.7675,1.7604,1.7675
2015-09-28,1.7683,1.7753,1.7290,1.7526
2015-09-29,1.8076,1.8311,1.8076,1.8154
2015-09-30,1.8154,1.8154,1.8154,1.8154
2015-10-01,1.8076,1.8076,1.8076,1.8076
2015-10-02,1.7918,1.7918,1.7840,1.7840
2015-10-05,1.7684,1.7840,1.7684,1.7839
2015-10-06,1.7761,1.7918,1.7761,1.7918
2015-10-07,1.7918,1.7918,1.7447,1.7683
2015-10-08,1.7210,1.7761,1.7184,1.7526
2015-10-09,1.7675,1.7915,1.7655,1.7915
2015-10-12,1.7840,1.7840,1.7604,1.7683
2015-10-13,1.7290,1.7683,1.7243,1.7243
2015-10-14,1.7290,1.7290,1.6268,1.6582
2015-10-15,1.7133,1.7761,1.7133,1.7683
2015-10-16,1.7290,1.7384,1.7290,1.7368
2015-10-19,1.7604,1.7840,1.6582,1.7447
2015-10-20,1.7683,1.7683,1.7133,1.7604
2015-10-21,1.7368,1.7604,1.7290,1.7604
2015-10-22,1.7290,1.7290,1.7290,1.7290
2015-10-23,1.7604,1.7683,1.7408,1.7526
2015-10-26,1.7290,1.7368,1.7290,1.7290
2015-10-27,1.7486,1.7714,1.7486,1.7526
2015-10-28,1.7840,1.7918,1.7713,1.7713
2015-10-29,1.7447,1.7840,1.7211,1.7526
2015-10-30,1.7211,1.7918,1.7211,1.7683
2015-11-02,1.7290,1.7918,1.7290,1.7604
2015-11-03,1.7675,1.8390,1.7675,1.8154
2015-11-04,1.8076,1.8233,1.8076,1.8154
2015-11-05,1.8265,1.8390,1.8076,1.8154
2015-11-06,1.8706,1.8706,1.8386,1.8626
2015-11-09,1.8064,1.8064,1.7743,1.7823
2015-11-10,1.8144,1.8546,1.7743,1.8513
2015-11-11,1.8224,1.8224,1.7743,1.7823
2015-11-12,1.7743,1.8224,1.7743,1.7984
2015-11-13,1.7823,1.7984,1.7823,1.7984
2015-11-16,1.7984,1.7984,1.7984,1.7984
2015-11-17,1.7743,1.7743,1.7743,1.7743
2015-11-18,1.7662,1.8184,1.7662,1.7903
2015-11-19,1.7984,1.8626,1.7984,1.8546
2015-11-20,1.7984,1.8224,1.7662,1.8224
2015-11-23,1.7823,1.7984,1.7823,1.7984
2015-11-24,1.8144,1.8627,1.8144,1.8626
2015-11-25,1.8867,1.8947,1.8786,1.8867
2015-11-27,1.8305,1.8305,1.8305,1.8305
2015-11-30,1.8465,1.8867,1.8385,1.8465
2015-12-01,1.8305,1.8786,1.8305,1.8786
2015-12-02,1.8385,1.8497,1.8224,1.8497
2015-12-03,1.8626,1.8626,1.8224,1.8385
2015-12-04,1.7903,1.8144,1.7903,1.8144
2015-12-07,1.8305,1.8465,1.8064,1.8064
2015-12-08,1.8064,1.8465,1.7662,1.7662
2015-12-09,1.7662,1.8064,1.7662,1.7662
2015-12-10,1.8385,1.8465,1.7662,1.8064
2015-12-11,1.8385,1.8859,1.7823,1.7823
2015-12-14,1.7823,1.7823,1.7502,1.7743
2015-12-15,1.8064,1.8064,1.7662,1.7663
2015-12-16,1.7984,1.8305,1.7229,1.7662
2015-12-17,1.7020,1.7028,1.7020,1.7020
2015-12-18,1.7100,1.7903,1.7100,1.7903
2015-12-21,1.8224,1.8240,1.7975,1.8240
2015-12-22,1.8225,1.8463,1.7823,1.8064
2015-12-23,1.8056,1.8224,1.7662,1.7662
2015-12-24,1.7662,1.8064,1.7662,1.8064
2015-12-28,1.8064,1.8144,1.7662,1.8144
2015-12-29,1.8190,1.8190,1.8190,1.8190
2015-12-30,1.8305,1.8465,1.7823,1.8465
2015-12-31,1.8064,1.8867,1.7955,1.8706
2016-01-04,1.8706,1.8706,1.8224,1.8465
2016-01-05,1.8064,1.8440,1.8064,1.8305
2016-01-06,1.8224,1.8224,1.8064,1.8065
2016-01-07,1.7261,1.7823,1.7261,1.7823
2016-01-08,1.7823,1.8144,1.7502,1.8064
2016-01-11,1.8063,1.8064,1.8039,1.8039
2016-01-12,1.7903,1.8144,1.7903,1.8136
2016-01-13,1.7983,1.7984,1.7983,1.7984
2016-01-14,1.7562,1.7582,1.7052,1.7502
2016-01-15,1.7662,1.7662,1.7502,1.7502
2016-01-19,1.7181,1.7502,1.7019,1.7502
2016-01-20,1.7181,1.7181,1.6458,1.6939
2016-01-21,1.6699,1.6699,1.6333,1.6333
2016-01-22,1.6619,1.6982,1.6411,1.6982
2016-01-25,1.7020,1.7662,1.7020,1.7261
2016-01-26,1.7582,1.7662,1.7422,1.7422
2016-01-27,1.7582,1.7662,1.7581,1.7582
2016-01-28,1.7662,1.7662,1.7422,1.7422
2016-01-29,1.7662,1.8224,1.7100,1.7823
2016-02-01,1.7662,1.7662,1.7582,1.7662
2016-02-02,1.7422,1.7662,1.6683,1.7181
2016-02-03,1.7662,1.7662,1.6860,1.7582
2016-02-04,1.7422,1.7422,1.7100,1.7422
2016-02-05,1.6940,1.7100,1.6860,1.7100
2016-02-08,1.6538,1.6538,1.6057,1.6217
2016-02-09,1.5976,1.5976,1.5816,1.5896
2016-02-10,1.6137,1.6137,1.6137,1.6137
2016-02-11,1.5655,1.6939,1.5655,1.6057
2016-02-12,1.6057,1.6217,1.5495,1.6137
2016-02-16,1.5736,1.6209,1.5736,1.6057
2016-02-17,1.6143,1.6362,1.6143,1.6217
2016-02-18,1.6560,1.6579,1.6153,1.6365
2016-02-19,1.7100,1.7582,1.6779,1.7422
2016-02-22,1.7743,1.7743,1.7743,1.7743
2016-02-23,1.7422,1.7582,1.6940,1.6940
2016-02-24,1.6940,1.6940,1.6940,1.6940
2016-02-25,1.7614,1.7662,1.7173,1.7173
2016-02-26,1.7662,1.7662,1.6298,1.7261
2016-02-29,1.7822,1.8064,1.7809,1.7903
2016-03-01,1.7114,1.7903,1.7114,1.7743
2016-03-02,1.7743,1.8385,1.7742,1.8385
2016-03-03,1.8064,1.8465,1.7984,1.8224
2016-03-04,1.8224,1.8465,1.8144,1.8144
2016-03-07,1.7823,1.8305,1.7823,1.8144
2016-03-08,1.7823,1.8465,1.7823,1.8385
2016-03-09,1.8465,1.9188,1.8075,1.9188
2016-03-10,1.8401,1.9188,1.8401,1.9188
2016-03-11,1.8947,1.9509,1.8947,1.9268
2016-03-14,1.9268,1.9268,1.8959,1.9107
2016-03-15,1.9107,1.9268,1.9107,1.9268
2016-03-16,1.9268,1.9268,1.9268,1.9268
2016-03-17,1.8786,1.8867,1.8786,1.8867
2016-03-18,1.8947,1.9027,1.7984,1.7984
2016-03-21,1.8144,1.8385,1.8144,1.8385
2016-03-22,1.8385,1.8947,1.8385,1.8947
2016-03-23,1.8626,1.8626,1.8626,1.8626
2016-03-24,1.8626,1.8626,1.8626,1.8626
2016-03-28,1.8622,1.8867,1.8622,1.8867
2016-03-29,1.8867,1.8867,1.8626,1.8626
2016-03-30,1.8627,1.8835,1.8627,1.8813
2016-03-31,1.8706,1.8786,1.8224,1.8224
2016-04-01,1.8224,1.8867,1.8224,1.8385
2016-04-04,1.8706,1.8706,1.8064,1.8618
2016-04-05,1.8546,1.8867,1.8305,1.8385
2016-04-06,1.8867,1.8867,1.8626,1.8706
2016-04-07,1.8786,1.8802,1.8786,1.8786
2016-04-08,1.8867,1.8867,1.8064,1.8465
2016-04-11,1.8867,1.8867,1.8383,1.8867
2016-04-12,1.8867,1.8867,1.8465,1.8867
2016-04-13,1.8867,1.9212,1.8765,1.8947
2016-04-14,1.9429,1.9429,1.9268,1.9268
2016-04-15,1.9308,1.9308,1.8867,1.9188
2016-04-18,1.8948,1.9429,1.8947,1.9107
2016-04-19,1.9830,2.0071,1.9589,1.9910
2016-04-20,1.9589,2.0071,1.9589,1.9589
2016-04-21,1.9268,1.9429,1.8947,1.9268
2016-04-22,1.9429,1.9750,1.8948,1.9027
2016-04-25,1.9027,1.9027,1.8533,1.8786
2016-04-26,1.9268,1.9269,1.8224,1.8870
2016-04-27,1.8947,1.8947,1.8465,1.8465
2016-04-28,1.8546,1.9429,1.8224,1.8626
2016-04-29,1.9830,1.9830,1.8064,1.8064
2016-05-02,1.8305,1.8546,1.7743,1.8305
2016-05-03,1.8145,1.8145,1.7903,1.7984
2016-05-04,1.7582,1.8144,1.7502,1.7582
2016-05-05,1.7606,1.8064,1.7582,1.7903
2016-05-06,1.8064,1.8305,1.8064,1.8224
2016-05-09,1.8117,1.8305,1.8117,1.8305
2016-05-10,1.8168,1.8305,1.8164,1.8305
2016-05-11,1.8224,1.8224,1.7341,1.7743
2016-05-12,1.7662,1.7743,1.7261,1.7743
2016-05-13,1.7582,1.7743,1.7438,1.7743
2016-05-16,1.7743,1.7743,1.7743,1.7743
2016-05-17,1.7743,1.7984,1.7582,1.7984
2016-05-18,1.7824,1.8305,1.7824,1.8305
2016-05-19,1.8224,1.8224,1.8224,1.8224
2016-05-20,1.8305,1.8465,1.7903,1.7903
2016-05-23,1.9107,1.9107,1.8305,1.8385
2016-05-24,1.8305,1.8586,1.7984,1.7984
2016-05-25,1.8089,1.8305,1.7750,1.8064
2016-05-26,1.8064,1.8064,1.8064,1.8064
2016-05-27,1.8064,1.8064,1.7662,1.8064
2016-05-31,1.7823,1.7823,1.7823,1.7823
2016-06-01,1.8184,1.8305,1.7743,1.7743
2016-06-02,1.7662,1.8144,1.7576,1.8144
2016-06-03,1.7261,1.7743,1.7261,1.7743
2016-06-06,1.8032,1.8224,1.7922,1.7922
2016-06-07,1.7984,1.8706,1.7984,1.8706
2016-06-08,1.8786,1.8786,1.8064,1.8305
2016-06-09,1.8225,1.8706,1.7743,1.7743
2016-06-10,1.7984,1.7984,1.7980,1.7984
2016-06-13,1.8064,1.8224,1.7743,1.7823
2016-06-14,1.7662,1.8144,1.7662,1.7984
2016-06-15,1.7341,1.8224,1.7341,1.7903
2016-06-16,1.7903,1.7903,1.7341,1.7341
2016-06-17,1.7341,1.7662,1.7261,1.7341
2016-06-20,1.7261,1.7662,1.7181,1.7422
2016-06-21,1.7285,1.7502,1.6458,1.7020
2016-06-22,1.7019,1.7582,1.7019,1.7100
2016-06-23,1.7582,1.7662,1.7341,1.7582
2016-06-24,1.7100,1.7100,1.6699,1.6699
2016-06-27,1.6619,1.7100,1.6619,1.6619
2016-06-28,1.7060,1.7261,1.7060,1.7181
2016-06-29,1.7100,1.7502,1.7100,1.7261
2016-06-30,1.7582,1.7582,1.6855,1.7422
2016-07-01,1.7662,1.7662,1.7181,1.7181
2016-07-05,1.7300,1.7300,1.7300,1.7300
2016-07-06,1.7181,1.7181,1.6699,1.6860
2016-07-07,1.7210,1.7210,1.6343,1.6860
2016-07-08,1.6860,1.6860,1.6860,1.6860
2016-07-11,1.6940,1.7180,1.6538,1.6699
2016-07-12,1.7261,1.7261,1.6699,1.6699
2016-07-13,1.6779,1.7341,1.6779,1.7261
2016-07-14,1.6833,1.6833,1.6734,1.6734
2016-07-15,1.7333,1.7341,1.6699,1.6779
2016-07-18,1.6731,1.7100,1.6731,1.6860
2016-07-19,1.6995,1.7020,1.6860,1.7020
2016-07-20,1.7100,1.7100,1.6941,1.6944
2016-07-21,1.6940,1.7261,1.6860,1.7261
2016-07-22,1.7261,1.7341,1.6860,1.7341
2016-07-25,1.6860,1.7582,1.6860,1.6940
2016-07-26,1.6860,1.7261,1.6860,1.7261
2016-07-27,1.6940,1.7261,1.6860,1.6940
2016-07-28,1.7100,1.7341,1.6860,1.6860
2016-07-29,1.7100,1.7181,1.6860,1.6860
2016-08-01,1.7020,1.7020,1.6860,1.6860
2016-08-02,1.6940,1.7422,1.6860,1.7261
2016-08-03,1.7422,1.7502,1.7137,1.7261
2016-08-04,1.7261,1.7261,1.6940,1.6940
2016-08-05,1.6860,1.7502,1.6860,1.7100
2016-08-08,1.7020,1.7100,1.6945,1.7100
2016-08-09,1.7100,1.7100,1.7100,1.7100
2016-08-10,1.7020,1.7020,1.6860,1.6940
2016-08-11,1.7100,1.7100,1.7020,1.7092
2016-08-12,1.6860,1.7020,1.6860,1.7020
2016-08-15,1.7020,1.7020,1.6673,1.6779
2016-08-16,1.6860,1.7261,1.6860,1.7261
2016-08-17,1.7341,1.7341,1.6940,1.6964
2016-08-18,1.7042,1.7042,1.6940,1.6940
2016-08-19,1.7054,1.7100,1.6941,1.7100
2016-08-22,1.7100,1.7100,1.6860,1.6860
2016-08-23,1.6860,1.7116,1.6699,1.7116
2016-08-24,1.6860,1.7662,1.6860,1.7582
2016-08-25,1.7662,1.7662,1.7261,1.7261
2016-08-26,1.9429,2.0071,1.8072,1.9268
2016-08-29,1.9067,2.0071,1.9027,2.0071
2016-08-30,2.0071,2.0152,1.9669,1.9669
2016-08-31,1.9669,1.9669,1.9188,1.9589
2016-09-01,1.9509,1.9991,1.9509,1.9910
2016-09-02,1.9991,2.0071,1.9509,1.9509
2016-09-06,1.9509,1.9991,1.9429,1.9910
2016-09-07,1.9910,1.9910,1.9509,1.9509
2016-09-08,1.9509,1.9750,1.9429,1.9429
2016-09-09,1.9482,1.9509,1.9429,1.9429
2016-09-12,1.9509,1.9549,1.9429,1.9429
2016-09-13,1.9509,2.0071,1.9509,1.9830
2016-09-14,1.9935,2.0231,1.9669,1.9669
2016-09-15,1.9991,1.9991,1.9509,1.9910
2016-09-16,1.9589,2.0071,1.9429,1.9830
2016-09-19,1.9669,1.9669,1.9268,1.9429
2016-09-20,1.9348,1.9589,1.9348,1.9348
2016-09-21,1.9429,1.9991,1.9429,1.9509
2016-09-22,1.9750,2.0071,1.9750,1.9830
2016-09-23,1.9509,2.0312,1.9509,1.9991
2016-09-26,1.9830,2.0071,1.9830,1.9990
2016-09-27,1.9750,1.9750,1.9028,1.9107
2016-09-28,1.9011,1.9750,1.9011,1.9348
2016-09-29,1.9268,2.0071,1.9268,1.9670
2016-09-30,2.0392,2.0392,1.9589,1.9830
2016-10-03,1.9910,1.9910,1.9348,1.9348
2016-10-04,1.9481,1.9481,1.8947,1.8947
2016-10-05,1.9188,1.9589,1.9185,1.9509
2016-10-06,1.9348,1.9348,1.8867,1.9348
2016-10-07,1.9262,1.9429,1.9212,1.9429
2016-10-10,1.9669,1.9669,1.9107,1.9429
2016-10-11,1.9168,1.9509,1.9168,1.9509
2016-10-12,1.9298,1.9669,1.9298,1.9669
2016-10-13,1.9589,1.9589,1.9589,1.9589
2016-10-14,1.9480,1.9589,1.9356,1.9589
2016-10-17,1.9185,1.9292,1.9027,1.9027
2016-10-18,1.9107,1.9268,1.9107,1.9268
2016-10-19,1.9509,1.9509,1.9509,1.9509
2016-10-20,1.9509,1.9509,1.9509,1.9509
2016-10-21,1.8867,1.9107,1.8867,1.9083
2016-10-24,1.8867,1.8867,1.8867,1.8867
2016-10-25,1.9268,1.9268,1.9268,1.9268
2016-10-26,1.9669,2.0071,1.8947,1.9469
2016-10-27,2.0071,2.0071,2.0071,2.0071
2016-10-28,1.9669,1.9669,1.8867,1.8947
2016-10-31,1.8867,1.9268,1.8867,1.9268
2016-11-01,1.9268,1.9268,1.9268,1.9268
2016-11-02,1.8867,1.9268,1.8867,1.8867
2016-11-03,1.8867,1.9268,1.8867,1.8867
2016-11-04,1.8867,1.9268,1.8867,1.8867
2016-11-07,1.8867,1.9268,1.8465,1.8867
2016-11-08,1.9260,2.0079,1.9260,1.9669
2016-11-09,1.9260,1.9260,1.8850,1.8850
2016-11-10,1.9669,1.9669,1.9669,1.9669
2016-11-11,1.9669,1.9669,1.9260,1.9260
2016-11-14,1.9260,1.9260,1.8988,1.8988
2016-11-15,1.9669,1.9669,1.9669,1.9669
2016-11-16,2.0079,2.0079,2.0079,2.0079
2016-11-17,1.9669,1.9736,1.9260,1.9260
2016-11-18,1.9260,1.9669,1.8850,1.9669
2016-11-21,1.9669,1.9710,1.9260,1.9260
2016-11-22,1.9260,1.9588,1.9260,1.9260
2016-11-23,1.9260,1.9669,1.8850,1.8850
2016-11-25,1.9108,1.9260,1.8850,1.9260
2016-11-28,1.9260,1.9260,1.8850,1.8850
2016-11-29,1.9260,1.9669,1.8850,1.9669
2016-11-30,1.9260,1.9260,1.9096,1.9260
2016-12-01,1.9260,1.9669,1.8850,1.8850
2016-12-02,1.8850,1.8850,1.8030,1.8850
2016-12-05,1.8850,1.8850,1.8030,1.8440
2016-12-06,1.8030,1.9260,1.8030,1.8440
2016-12-07,1.8850,1.8850,1.7621,1.8030
2016-12-08,1.8364,1.8850,1.7621,1.7621
2016-12-09,1.8030,1.8850,1.7756,1.8850
2016-12-12,1.8850,1.8850,1.8399,1.8440
2016-12-13,1.8440,1.8850,1.8440,1.8850
2016-12-14,1.8850,1.9260,1.8850,1.9260
2016-12-15,1.9219,1.9260,1.8850,1.8850
2016-12-16,1.8850,1.9260,1.8850,1.9260
2016-12-19,1.9669,1.9669,1.8440,1.9260
2016-12-20,1.9260,1.9260,1.8850,1.8850
2016-12-21,1.8850,1.8913,1.8850,1.8850
2016-12-22,1.8850,1.8850,1.8850,1.8850
2016-12-23,1.8850,1.9260,1.8850,1.8850
2016-12-27,1.8850,1.9260,1.8850,1.9260
2016-12-28,1.8850,1.9260,1.8440,1.9260
2016-12-29,1.8850,1.9260,1.8440,1.8440
2016-12-30,1.8440,1.8850,1.6801,1.8850
2017-01-03,1.8850,1.8850,1.8440,1.8643
2017-01-04,1.8578,1.9260,1.8578,1.8850
2017-01-05,1.8850,1.9178,1.8850,1.9178
2017-01-06,1.9260,1.9260,1.8850,1.8850
2017-01-09,1.9260,1.9260,1.8850,1.9260
2017-01-10,1.9260,1.9260,1.8850,1.8850
2017-01-11,1.9260,1.9669,1.9140,1.9669
2017-01-12,1.9669,1.9669,1.8850,1.9260
2017-01-13,1.8850,1.9669,1.8850,1.9669
2017-01-17,1.9669,1.9669,1.8850,1.9260
2017-01-18,1.8850,1.9260,1.8850,1.9260
2017-01-19,1.8850,1.9260,1.8440,1.9260
2017-01-20,1.9260,1.9669,1.8850,1.9669
2017-01-23,1.9669,2.0079,1.8850,1.8850
2017-01-24,1.9260,1.9669,1.9055,1.9669
2017-01-25,1.9260,1.9672,1.9260,1.9669
2017-01-26,1.8850,1.8850,1.8440,1.8850
2017-01-27,1.9260,1.9260,1.8440,1.8440
2017-01-30,1.9260,1.9669,1.9260,1.9260
2017-01-31,1.9669,1.9669,1.8440,1.8440
2017-02-01,1.8440,1.9260,1.7621,1.9260
2017-02-02,1.9669,1.9669,1.7621,1.8850
2017-02-03,1.8440,1.8852,1.8440,1.8852
2017-02-06,1.8850,1.8850,1.8440,1.8850
2017-02-07,1.8850,1.8850,1.8850,1.8850
2017-02-08,1.8850,1.8850,1.8030,1.8850
2017-02-09,1.8850,1.8850,1.8850,1.8850
2017-02-10,1.8440,1.8850,1.8440,1.8440
2017-02-13,1.8440,1.8850,1.8440,1.8440
2017-02-14,1.8440,1.8440,1.8440,1.8440
2017-02-15,1.8440,1.8850,1.8235,1.8440
2017-02-16,1.8440,1.8440,1.8440,1.8440
2017-02-17,1.8440,1.9260,1.8030,1.9260
2017-02-21,1.9260,1.9260,1.8807,1.9260
2017-02-22,1.9260,1.9669,1.8850,1.9669
2017-02-23,1.9260,1.9260,1.8850,1.9260
2017-02-24,1.8850,1.9260,1.8768,1.9260
2017-02-27,1.9260,1.9260,1.8440,1.8850
2017-02-28,1.8850,1.8850,1.7621,1.8030
2017-03-01,1.8030,1.8440,1.7621,1.8440
2017-03-02,1.8440,1.8440,1.7621,1.8030
2017-03-03,1.8030,1.8030,1.8030,1.8030
2017-03-06,1.7621,1.8030,1.7621,1.8030
2017-03-07,1.8030,1.8379,1.7621,1.8030
2017-03-08,1.7621,1.8440,1.7621,1.7621
2017-03-09,1.8030,1.8030,1.7621,1.8030
2017-03-10,1.8440,1.8440,1.7621,1.7621
2017-03-13,1.7621,1.8030,1.7211,1.7621
2017-03-14,1.7211,1.8440,1.7211,1.8030
2017-03-15,1.8030,1.8440,1.8030,1.8030
2017-03-16,1.8030,1.8440,1.7621,1.8030
2017-03-17,1.8030,1.8030,1.7211,1.7211
2017-03-20,1.7211,1.7621,1.6801,1.7211
2017-03-21,1.6801,1.7621,1.6391,1.7416
2017-03-22,1.7211,1.7211,1.6801,1.7211
2017-03-23,1.6391,1.6801,1.6391,1.6391
2017-03-24,1.6801,1.7211,1.6497,1.7211
2017-03-27,1.6883,1.7211,1.6801,1.7211
2017-03-28,1.6801,1.7211,1.6391,1.6391
2017-03-29,1.6801,1.8440,1.6801,1.8030
2017-03-30,1.8030,1.8030,1.7621,1.7621
2017-03-31,1.8030,1.8030,1.7621,1.8030
2017-04-03,1.8440,1.8440,1.7211,1.7211
2017-04-04,1.7211,1.7211,1.6391,1.6391
2017-04-05,1.6391,1.7211,1.6391,1.6801
2017-04-06,1.6801,1.7621,1.6801,1.7211
2017-04-07,1.7621,1.7621,1.6801,1.6801
2017-04-10,1.6801,1.7621,1.6391,1.6801
2017-04-11,1.7211,1.7416,1.6801,1.7211
2017-04-12,1.7211,1.7621,1.6391,1.6801
2017-04-13,1.7211,1.7211,1.6498,1.7211
2017-04-17,1.6801,1.7211,1.6391,1.6801
2017-04-18,1.6801,1.7211,1.6391,1.6391
2017-04-19,1.6391,1.6801,1.6391,1.6391
2017-04-20,1.6391,1.6801,1.5981,1.6801
2017-04-21,1.6801,1.7211,1.6801,1.6801
2017-04-24,1.6801,1.7211,1.6391,1.7006
2017-04-25,1.7211,1.8030,1.6801,1.7416
2017-04-26,1.6801,1.7621,1.6801,1.7211
2017-04-27,1.7621,1.7621,1.4752,1.6801
2017-04-28,1.6760,1.7211,1.6760,1.6801
2017-05-01,1.6801,1.7621,1.6801,1.7211
2017-05-02,1.6801,1.7211,1.6711,1.7211
2017-05-03,1.7211,1.7211,1.6801,1.6801
2017-05-04,1.6801,1.7621,1.6801,1.7211
2017-05-05,1.6908,1.7580,1.6908,1.7211
2017-05-08,1.7621,1.7621,1.7211,1.7211
2017-05-09,1.7621,1.7621,1.6801,1.6801
2017-05-10,1.6801,1.6801,1.6801,1.6801
2017-05-11,1.6391,1.6801,1.5981,1.6596
2017-05-12,1.6391,1.7211,1.5981,1.6801
2017-05-15,1.6801,1.7211,1.6391,1.6801
2017-05-16,1.6801,1.6801,1.6391,1.6391
2017-05-17,1.6391,1.6391,1.6391,1.6391
2017-05-18,1.6391,1.6391,1.6186,1.6186
2017-05-19,1.6391,1.6391,1.5981,1.5981
2017-05-22,1.6391,1.6391,1.5981,1.6391
2017-05-23,1.6391,1.6391,1.5981,1.5981
2017-05-24,1.6391,1.6391,1.5981,1.5981
2017-05-25,1.5981,1.6801,1.5981,1.6801
2017-05-26,1.6801,1.6801,1.6391,1.6801
2017-05-30,1.7211,1.7621,1.6391,1.6391
2017-05-31,1.6391,1.7621,1.5981,1.7211
2017-06-01,1.7621,1.7621,1.7211,1.7211
2017-06-02,1.7621,1.7621,1.6801,1.7211
2017-06-05,1.6801,1.7621,1.6801,1.7621
2017-06-06,1.7211,1.7211,1.7006,1.7211
2017-06-07,1.7211,1.7453,1.6801,1.7211
2017-06-08,1.7211,1.7211,1.6391,1.7211
2017-06-09,1.7211,1.7621,1.6801,1.7621
2017-06-12,1.7621,1.7621,1.7211,1.7211
2017-06-13,1.7211,1.8440,1.7211,1.8440
2017-06-14,1.8440,1.8440,1.7730,1.8440
2017-06-15,1.8850,1.8850,1.7791,1.8850
2017-06-16,1.9260,1.9260,1.8440,1.9260
2017-06-19,1.9260,1.9260,1.8440,1.8440
2017-06-20,1.8030,2.0079,1.8030,2.0079
2017-06-21,2.0079,2.0079,1.8030,1.8030
2017-06-22,1.7907,1.7907,1.7621,1.7621
2017-06-23,1.7211,1.8030,1.7211,1.7211
2017-06-26,1.7211,1.7211,1.7129,1.7170
2017-06-27,1.6801,1.7621,1.6801,1.7621
2017-06-28,1.7211,1.8030,1.7211,1.7621
2017-06-29,1.7539,1.7539,1.6801,1.7211
2017-06-30,1.6801,1.7211,1.6801,1.7211
2017-07-03,1.6801,1.7621,1.6801,1.7211
2017-07-05,1.7211,1.7211,1.6596,1.6801
2017-07-06,1.6801,1.6801,1.6391,1.6801
2017-07-07,1.6801,1.6842,1.6391,1.6801
2017-07-10,1.6391,1.6801,1.6391,1.6801
2017-07-11,1.6801,1.6801,1.6391,1.6391
2017-07-12,1.6801,1.7211,1.6391,1.6801
2017-07-13,1.6801,1.7211,1.6801,1.7211
2017-07-14,1.6801,1.7211,1.6801,1.7211
2017-07-17,1.7211,1.7211,1.6801,1.6921
2017-07-18,1.6391,1.7211,1.6391,1.7211
2017-07-19,1.6801,1.7006,1.6801,1.6801
2017-07-20,1.6801,1.6801,1.6801,1.6801
2017-07-21,1.6801,1.7211,1.6801,1.7211
2017-07-24,1.6801,1.7211,1.6801,1.7211
2017-07-25,1.7211,1.8030,1.7211,1.7211
2017-07-26,1.7211,1.7621,1.6801,1.6842
2017-07-27,1.6842,1.6842,1.5981,1.6801
2017-07-28,1.6801,1.6801,1.5981,1.6391
2017-07-31,1.6801,1.6801,1.6391,1.6801
2017-08-01,1.6842,1.6842,1.6391,1.6391
2017-08-02,1.5981,1.6801,1.5981,1.6801
2017-08-03,1.6649,1.6719,1.6649,1.6699
2017-08-04,1.6391,1.6801,1.6391,1.6801
2017-08-07,1.6391,1.6432,1.5981,1.6391
2017-08-08,1.6473,1.6473,1.5981,1.6186
2017-08-09,1.6391,1.6391,1.5981,1.6391
2017-08-10,1.6391,1.6801,1.5981,1.6801
2017-08-11,1.6801,1.6801,1.5981,1.6391
2017-08-14,1.5981,1.6801,1.5981,1.5981
2017-08-15,1.5981,1.6801,1.5981,1.6391
2017-08-16,1.6391,1.7211,1.6391,1.7211
2017-08-17,1.7211,1.7211,1.6801,1.6801
2017-08-18,1.6801,1.7211,1.6801,1.6801
2017-08-21,1.7211,1.7211,1.6801,1.7211
2017-08-22,1.6801,1.7211,1.6391,1.6391
2017-08-23,1.6801,1.7211,1.6801,1.7211
2017-08-24,1.6391,1.7211,1.6391,1.7211
2017-08-25,1.7211,1.7211,1.5981,1.5981
2017-08-28,1.5981,1.7621,1.5981,1.6801
2017-08-29,1.6801,1.7211,1.6391,1.6801
2017-08-30,1.6801,1.7621,1.6473,1.7211
2017-08-31,1.7211,1.7621,1.6801,1.7211
2017-09-01,1.7211,1.7621,1.6801,1.7621
2017-09-05,1.7211,1.7621,1.7211,1.7621
2017-09-06,1.7621,1.8030,1.6801,1.7211
2017-09-07,1.7211,1.8030,1.7211,1.8030
2017-09-08,1.8030,1.8850,1.8030,1.8850
2017-09-11,1.8850,1.8850,1.8071,1.8850
2017-09-12,1.8850,1.9260,1.8645,1.8850
2017-09-13,1.8850,1.8850,1.7416,1.7621
2017-09-14,1.8030,1.8850,1.7211,1.8030
2017-09-15,1.8440,1.8440,1.7211,1.7211
2017-09-18,1.7211,1.8030,1.6801,1.6801
2017-09-19,1.6391,1.7013,1.5981,1.5981
2017-09-20,1.5981,1.7621,1.5981,1.7211
2017-09-21,1.7211,1.7211,1.5981,1.6391
2017-09-22,1.6391,1.7211,1.6391,1.6801
2017-09-25,1.7211,1.7211,1.6391,1.6801
2017-09-26,1.6391,1.6735,1.6391,1.6735
2017-09-27,1.6391,1.7211,1.6391,1.7211
2017-09-28,1.7211,1.7621,1.6391,1.6801
2017-09-29,1.6391,1.6801,1.6391,1.6801
2017-10-02,1.7211,1.7211,1.6391,1.6391
2017-10-03,1.6391,1.6596,1.5981,1.5981
2017-10-04,1.6391,1.7621,1.6391,1.7211
2017-10-05,1.7211,1.7621,1.6801,1.7211
2017-10-06,1.7211,1.7211,1.6391,1.7211
2017-10-09,1.7211,1.7211,1.6801,1.7211
2017-10-10,1.7621,1.8235,1.7344,1.7621
2017-10-11,1.7621,1.8030,1.7621,1.7621
2017-10-12,1.7621,1.8030,1.7211,1.7211
2017-10-13,1.8030,1.8030,1.6391,1.8030
2017-10-16,1.8030,1.8030,1.6801,1.6801
2017-10-17,1.6391,1.6801,1.6186,1.6801
2017-10-18,1.6391,1.6596,1.6391,1.6391
2017-10-19,1.6391,1.6633,1.6391,1.6391
2017-10-20,1.6391,1.7211,1.5981,1.5981
2017-10-23,1.5981,1.6719,1.5981,1.5981
2017-10-24,1.6391,1.6391,1.6186,1.6186
2017-10-25,1.6391,1.6391,1.5203,1.5981
2017-10-26,1.5572,1.6801,1.5572,1.6391
2017-10-27,1.5981,1.6391,1.5981,1.5981
2017-10-30,1.6391,1.6391,1.5981,1.5981
2017-10-31,1.5981,1.5981,1.5572,1.5572
2017-11-01,1.5981,1.7211,1.5572,1.6801
2017-11-02,1.7211,1.7211,1.6391,1.6391
2017-11-03,1.7211,1.7211,1.6801,1.7211
2017-11-06,1.7211,1.7211,1.5572,1.6391
2017-11-07,1.5981,1.6391,1.5981,1.6391
2017-11-08,1.5981,1.6309,1.5981,1.5981
2017-11-09,1.5818,1.6673,1.5476,1.5818
2017-11-10,1.5818,1.6245,1.5818,1.6245
2017-11-13,1.6673,1.6673,1.6245,1.6245
2017-11-14,1.5818,1.6245,1.5818,1.6245
2017-11-15,1.6245,1.6673,1.5818,1.6245
2017-11-16,1.5818,1.7100,1.5818,1.6673
2017-11-17,1.6566,1.6884,1.6245,1.6673
2017-11-20,1.6673,1.7528,1.6673,1.7100
2017-11-21,1.7100,1.7955,1.7100,1.7100
2017-11-22,1.7100,1.7100,1.6673,1.7100
2017-11-24,1.6673,1.7100,1.6673,1.7100
2017-11-27,1.7100,1.7115,1.6673,1.7100
2017-11-28,1.7100,1.7528,1.7100,1.7528
2017-11-29,1.7100,1.7143,1.6673,1.6673
2017-11-30,1.6673,1.6981,1.6245,1.6245
2017-12-01,1.6673,1.7186,1.6245,1.7100
2017-12-04,1.7100,1.7100,1.6673,1.7100
2017-12-05,1.7100,1.7314,1.7100,1.7100
2017-12-06,1.7100,1.7100,1.7100,1.7100
2017-12-07,1.6673,1.7955,1.6673,1.7100
2017-12-08,1.7057,1.7955,1.7057,1.7100
2017-12-11,1.7528,1.7955,1.7100,1.7528
2017-12-12,1.7955,1.7955,1.7528,1.7955
2017-12-13,1.7955,1.7955,1.7528,1.7528
2017-12-14,1.7528,1.7955,1.7100,1.7955
2017-12-15,1.7528,1.7955,1.6673,1.6673
2017-12-18,1.7528,1.7528,1.7100,1.7528
2017-12-19,1.7528,1.7955,1.7100,1.7528
2017-12-20,1.7528,1.7528,1.7186,1.7528
2017-12-21,1.7100,1.7528,1.6673,1.7528
2017-12-22,1.7100,1.7528,1.6245,1.7100
2017-12-26,1.7100,1.7528,1.7100,1.7100
2017-12-27,1.7528,1.7528,1.7100,1.7314
2017-12-28,1.7100,1.7100,1.6245,1.6673
2017-12-29,1.7100,1.7100,1.6245,1.6673
2018-01-02,1.6673,1.7100,1.6673,1.7100
2018-01-03,1.7100,1.7100,1.6673,1.7100
2018-01-04,1.7100,1.7442,1.6791,1.7100
2018-01-05,1.6673,1.7314,1.6245,1.7100
2018-01-08,1.6673,1.7307,1.6673,1.7100
2018-01-09,1.7100,1.7100,1.6673,1.6673
2018-01-10,1.6968,1.7015,1.6673,1.6673
2018-01-11,1.6853,1.6853,1.6245,1.6673
2018-01-12,1.6673,1.7100,1.6245,1.6245
2018-01-16,1.6673,1.6673,1.6459,1.6673
2018-01-17,1.6673,1.6673,1.6673,1.6673
2018-01-18,1.6245,1.6758,1.6245,1.6673
2018-01-19,1.6673,1.7100,1.6587,1.7100
2018-01-22,1.7100,1.7143,1.6673,1.7100
2018-01-23,1.7100,1.7528,1.7100,1.7357
2018-01-24,1.7528,1.7613,1.7143,1.7528
2018-01-25,1.7100,1.7100,1.6673,1.6673
2018-01-26,1.6673,1.7528,1.6673,1.7528
2018-01-29,1.7528,1.7570,1.7100,1.7100
2018-01-30,1.7100,1.7314,1.7100,1.7314
2018-01-31,1.7528,1.7741,1.6673,1.7100
2018-02-01,1.7100,1.7528,1.6673,1.7100
2018-02-02,1.7528,1.7528,1.6673,1.6673
2018-02-05,1.7100,1.7528,1.7100,1.7528
2018-02-06,1.7100,1.7100,1.6673,1.6673
2018-02-07,1.7100,1.7485,1.6673,1.6673
2018-02-08,1.6673,1.6673,1.5390,1.5390
2018-02-09,1.5818,1.6245,1.5390,1.6031
2018-02-12,1.7100,1.7100,1.6673,1.7100
2018-02-13,1.7100,1.7100,1.6673,1.6886
2018-02-14,1.7237,1.7528,1.6886,1.7528
2018-02-15,1.7100,1.7528,1.7100,1.7528
2018-02-16,1.7528,1.7955,1.7100,1.7100
2018-02-20,1.7100,1.7528,1.7100,1.7528
2018-02-21,1.7955,1.7955,1.7528,1.7955
2018-02-22,1.7955,1.7955,1.7100,1.7528
2018-02-23,1.7528,1.7955,1.7528,1.7528
2018-02-26,1.7528,1.8383,1.7528,1.7998
2018-02-27,1.7955,1.7998,1.7955,1.7955
2018-02-28,1.7955,1.7955,1.7528,1.7955
2018-03-01,1.7528,1.7955,1.7528,1.7955
2018-03-02,1.7955,1.7955,1.7570,1.7955
2018-03-05,1.7955,1.8383,1.7955,1.8383
2018-03-06,1.8383,1.8810,1.7528,1.7528
2018-03-07,1.7528,1.8383,1.7528,1.7528
2018-03-08,1.7955,1.8383,1.7955,1.7955
2018-03-09,1.7955,1.8325,1.7834,1.7955
2018-03-12,1.7955,1.8169,1.7955,1.7955
2018-03-13,1.7955,1.8810,1.7528,1.7955
2018-03-14,1.8383,1.8383,1.7528,1.7912
2018-03-15,1.7955,1.7955,1.7442,1.7528
2018-03-16,1.7528,1.7528,1.7100,1.7528
2018-03-19,1.7528,1.7955,1.7528,1.7955
2018-03-20,1.7955,1.7955,1.7955,1.7955
2018-03-21,1.7955,1.7955,1.7528,1.7955
2018-03-22,1.7955,1.7955,1.7528,1.7528
2018-03-23,1.7955,1.8244,1.7528,1.7955
2018-03-26,1.7955,1.8383,1.7528,1.7528
2018-03-27,1.8383,1.8383,1.7648,1.7955
2018-03-28,1.7955,1.8297,1.7528,1.7955
2018-03-29,1.7955,1.8383,1.7955,1.7955
2018-04-02,1.7528,1.8383,1.7528,1.7998
2018-04-03,1.7955,1.8383,1.7528,1.7528
2018-04-04,1.7955,1.8207,1.7528,1.7528
2018-04-05,1.7955,1.8383,1.7955,1.7955
2018-04-06,1.7955,1.8383,1.7528,1.7528
2018-04-09,1.7528,1.8212,1.7528,1.7528
2018-04-10,1.7955,1.8203,1.7528,1.7955
2018-04-11,1.7528,1.7648,1.7100,1.7100
2018-04-12,1.7100,1.7100,1.6753,1.7100
2018-04-13,1.7100,1.7283,1.6863,1.7100
2018-04-16,1.7528,1.7528,1.7100,1.7100
2018-04-17,1.7528,1.7528,1.7528,1.7528
2018-04-18,1.7955,1.7955,1.7100,1.7100
2018-04-19,1.7528,1.7528,1.7143,1.7143
2018-04-20,1.7528,1.7528,1.7528,1.7528
2018-04-23,1.7955,1.8383,1.7570,1.7955
2018-04-24,1.7870,1.7870,1.7528,1.7528
2018-04-25,1.7528,1.7955,1.7528,1.7528
2018-04-26,1.7810,1.8383,1.7741,1.7955
2018-04-27,1.8383,1.8383,1.7955,1.7955
2018-04-30,1.7955,1.7955,1.7528,1.7528
2018-05-01,1.7100,1.7870,1.7100,1.7528
2018-05-02,1.7955,1.7955,1.7570,1.7955
2018-05-03,1.7955,1.8041,1.7214,1.7528
2018-05-04,1.7528,1.8383,1.7528,1.7955
2018-05-07,1.7186,1.7818,1.7186,1.7741
2018-05-08,1.7528,1.7955,1.7528,1.7955
2018-05-09,1.7528,1.7874,1.7528,1.7528
2018-05-10,1.7955,1.8340,1.7528,1.7528
2018-05-11,1.7955,1.7955,1.7528,1.7528
2018-05-14,1.7528,1.7741,1.7528,1.7741
2018-05-15,1.7528,1.7955,1.7528,1.7528
2018-05-16,1.7955,1.7955,1.7528,1.7528
2018-05-17,1.7955,1.7955,1.7528,1.7955
2018-05-18,1.7955,1.7955,1.7528,1.7528
2018-05-21,1.7528,1.8383,1.7528,1.7955
2018-05-22,1.8383,1.8725,1.7528,1.7955
2018-05-23,1.8203,1.8203,1.6202,1.7100
2018-05-24,1.7100,1.7528,1.6715,1.7100
2018-05-25,1.7528,1.7666,1.7100,1.7528
2018-05-29,1.7528,1.7528,1.7314,1.7528
2018-05-30,1.7528,1.7955,1.7528,1.7528
2018-05-31,1.7528,1.7955,1.7528,1.7955
2018-06-01,1.7955,1.7955,1.7528,1.7955
2018-06-04,1.7955,1.7955,1.7528,1.7528
2018-06-05,1.7528,1.7955,1.7528,1.7955
2018-06-06,1.7955,1.8383,1.7955,1.7955
2018-06-07,1.7955,1.8383,1.7955,1.8383
2018-06-08,1.8383,1.8383,1.7955,1.7955
2018-06-11,1.7955,1.8383,1.7955,1.8383
2018-06-12,1.8383,1.8810,1.7955,1.8383
2018-06-13,1.8383,1.8810,1.7955,1.8383
2018-06-14,1.8810,1.8810,1.7955,1.7955
2018-06-15,1.8383,1.8810,1.7955,1.8810
2018-06-18,1.8810,1.8810,1.8383,1.8810
2018-06-19,1.8810,1.8810,1.8383,1.8383
2018-06-20,1.8810,1.8810,1.8425,1.8541
2018-06-21,1.8810,1.8810,1.8468,1.8810
2018-06-22,1.8810,1.8810,1.8560,1.8810
2018-06-25,1.8810,1.8810,1.8383,1.8810
2018-06-26,1.8810,1.8810,1.8524,1.8810
2018-06-27,1.8810,1.9665,1.8810,1.9451
2018-06-28,1.9665,1.9665,1.9238,1.9665
2018-06-29,1.9665,1.9665,1.9238,1.9238
2018-07-02,1.9238,1.9238,1.8383,1.8383
2018-07-03,1.7955,1.8297,1.7100,1.7100
2018-07-05,1.7528,1.8383,1.7100,1.8383
2018-07-06,1.7955,1.8383,1.7955,1.7955
2018-07-09,1.8383,1.8383,1.7100,1.7100
2018-07-10,1.7100,1.7528,1.7100,1.7100
2018-07-11,1.7528,1.7528,1.7271,1.7485
2018-07-12,1.7528,1.7528,1.7100,1.7100
2018-07-13,1.7528,1.7528,1.6673,1.6673
2018-07-16,1.7100,1.7100,1.6673,1.7100
2018-07-17,1.7100,1.7322,1.6673,1.7100
2018-07-18,1.7100,1.7528,1.7057,1.7528
2018-07-19,1.7528,1.7528,1.6673,1.7100
2018-07-20,1.7100,1.7186,1.7100,1.7186
2018-07-23,1.7100,1.7528,1.7034,1.7100
2018-07-24,1.7100,1.7100,1.6673,1.7100
2018-07-25,1.7100,1.7100,1.6886,1.7100
2018-07-26,1.7528,1.7528,1.7100,1.7528
2018-07-27,1.7955,1.7955,1.7408,1.7528
2018-07-30,1.7528,1.7528,1.7408,1.7408
2018-07-31,1.7528,1.7955,1.7100,1.7100
2018-08-01,1.7100,1.7955,1.7100,1.7613
2018-08-02,1.7955,1.8169,1.7528,1.7528
2018-08-03,1.7528,1.7955,1.7528,1.7955
2018-08-06,1.7955,1.8383,1.7955,1.8383
2018-08-07,1.8383,1.8810,1.8383,1.8383
2018-08-08,1.8383,1.8554,1.7955,1.8383
2018-08-09,1.8383,1.8810,1.8383,1.8383
2018-08-10,1.8383,1.8810,1.8383,1.8383
2018-08-13,1.7955,1.8810,1.7955,1.8810
2018-08-14,1.8810,1.8810,1.8517,1.8810
2018-08-15,1.8810,1.8810,1.8383,1.8383
2018-08-16,1.8383,1.8810,1.8383,1.8383
2018-08-17,1.8383,1.8810,1.8383,1.8383
2018-08-20,1.8810,1.8810,1.8383,1.8810
2018-08-21,1.8810,1.8810,1.8383,1.8383
2018-08-22,1.8383,1.8468,1.8041,1.8383
2018-08-23,1.8383,1.8767,1.8383,1.8383
2018-08-24,1.8383,1.8810,1.8383,1.8383
2018-08-27,1.8383,1.8810,1.8340,1.8383
2018-08-28,1.7955,1.8203,1.7741,1.7955
2018-08-29,1.8383,1.8383,1.7528,1.7955
2018-08-30,1.7955,1.7955,1.7528,1.7528
2018-08-31,1.7528,1.7741,1.7271,1.7528
2018-09-04,1.7528,1.7955,1.7100,1.7257
2018-09-05,1.7955,1.8383,1.7834,1.7955
2018-09-06,1.7528,1.7955,1.7528,1.7528
2018-09-07,1.7955,1.8383,1.7955,1.8041
2018-09-10,1.8383,1.8383,1.7955,1.7955
2018-09-11,1.7955,1.8383,1.7955,1.7955
2018-09-12,1.7955,1.8383,1.7701,1.7955
2018-09-13,1.7955,1.8383,1.7955,1.8383
2018-09-14,1.8383,1.8810,1.7955,1.7955
2018-09-17,1.7955,1.8383,1.7955,1.7955
2018-09-18,1.7955,1.8383,1.7955,1.8383
2018-09-19,1.8041,1.8383,1.7955,1.8383
2018-09-20,1.8383,1.8725,1.7955,1.8383
2018-09-21,1.7955,1.9238,1.7955,1.9238
2018-09-24,1.8810,1.9195,1.8383,1.8810
2018-09-25,1.8383,1.8810,1.8383,1.8810
2018-09-26,1.8810,1.8810,1.8448,1.8767
2018-09-27,1.8810,1.8810,1.8528,1.8810
2018-09-28,1.8383,1.8810,1.8383,1.8383
2018-10-01,1.8810,1.8810,1.8497,1.8725
2018-10-02,1.8810,1.8981,1.8762,1.8762
2018-10-03,1.8810,1.8810,1.8383,1.8383
2018-10-04,1.8554,1.8554,1.7955,1.8041
2018-10-05,1.7955,1.8639,1.7955,1.8639
2018-10-08,1.8519,1.8554,1.8126,1.8126
2018-10-09,1.8126,1.8468,1.8126,1.8126
2018-10-10,1.8297,1.8297,1.7955,1.7955
2018-10-11,1.7955,1.8513,1.7955,1.8126
2018-10-12,1.8212,1.8383,1.7955,1.8383
2018-10-15,1.8383,1.8383,1.7955,1.8041
2018-10-16,1.7955,1.8365,1.7955,1.8365
2018-10-17,1.8383,1.8596,1.8383,1.8468
2018-10-18,1.8383,1.8391,1.8383,1.8383
2018-10-19,1.8554,1.8554,1.8126,1.8468
2018-10-22,1.8297,1.8297,1.7955,1.7955
2018-10-23,1.8126,1.8212,1.7955,1.8212
2018-10-24,1.8297,1.8297,1.8131,1.8201
2018-10-25,1.7955,1.8126,1.7955,1.8126
2018-10-26,1.8126,1.8126,1.7971,1.8041
2018-10-29,1.8041,1.8126,1.8013,1.8125
2018-10-30,1.7955,1.8383,1.7955,1.8041
2018-10-31,1.8126,1.8383,1.8126,1.8383
2018-11-01,1.8468,1.8468,1.8212,1.8212
2018-11-02,1.8297,1.8383,1.8212,1.8212
2018-11-05,1.8212,1.8383,1.8041,1.8041
2018-11-06,1.7955,1.8383,1.7955,1.8382
2018-11-07,1.8383,1.8383,1.8291,1.8297
2018-11-08,1.8369,1.8857,1.8369,1.8745
2018-11-09,1.8635,1.8724,1.8546,1.8696
2018-11-12,1.8635,1.8724,1.8369,1.8369
2018-11-13,1.8546,1.8901,1.8193,1.8263
2018-11-14,1.8458,1.8635,1.7481,1.7481
2018-11-15,1.7836,1.8103,1.7606,1.8103
2018-11-16,1.7836,1.7836,1.7481,1.7570
2018-11-19,1.7570,1.7712,1.7538,1.7712
2018-11-20,1.7481,1.7659,1.7481,1.7659
2018-11-21,1.7481,1.7748,1.7481,1.7725
2018-11-23,1.7748,1.7748,1.7570,1.7570
2018-11-26,1.7570,1.7659,1.7127,1.7305
2018-11-27,1.7304,1.7481,1.7304,1.7481
2018-11-28,1.7659,1.8014,1.7481,1.7481
2018-11-29,1.7570,1.8103,1.7570,1.7925
2018-11-30,1.8014,1.8014,1.7304,1.7304
2018-12-03,1.7481,1.7836,1.7481,1.7748
2018-12-04,1.7570,1.7570,1.7481,1.7481
2018-12-06,1.7481,1.8103,1.7393,1.7393
2018-12-07,1.7481,1.7751,1.7481,1.7481
2018-12-10,1.7836,1.7922,1.7481,1.7836
2018-12-11,1.8191,1.8191,1.7481,1.7570
2018-12-12,1.7481,1.7748,1.7481,1.7748
2018-12-13,1.7748,1.7748,1.7748,1.7748
2018-12-14,1.7846,1.7925,1.7747,1.7836
2018-12-17,1.8014,1.8014,1.7481,1.7481
2018-12-18,1.7481,1.7748,1.7481,1.7481
2018-12-19,1.7659,1.8014,1.7300,1.7304
2018-12-20,1.7304,1.7570,1.7215,1.7215
2018-12-21,1.7126,1.7481,1.7126,1.7481
2018-12-24,1.7304,1.7304,1.7038,1.7038
2018-12-26,1.6949,1.6981,1.6772,1.6860
2018-12-27,1.6949,1.7748,1.6949,1.7215
2018-12-28,1.7393,1.7925,1.7393,1.7925
2018-12-31,1.7749,1.7787,1.6417,1.6683
2019-01-02,1.6772,1.7748,1.6772,1.7748
2019-01-03,1.7748,1.7748,1.7481,1.7659
2019-01-04,1.7481,1.7775,1.6949,1.6949
2019-01-07,1.7126,1.7691,1.7126,1.7570
2019-01-08,1.7570,1.7615,1.7394,1.7583
2019-01-09,1.7570,1.7836,1.7570,1.7748
2019-01-10,1.7748,1.8014,1.7667,1.7925
2019-01-11,1.7925,1.8191,1.7925,1.8014
2019-01-14,1.8014,1.8147,1.7925,1.7925
2019-01-15,1.7215,1.8014,1.7215,1.7481
2019-01-16,1.7481,1.8103,1.7481,1.7481
2019-01-17,1.7570,1.8191,1.7570,1.7570
2019-01-18,1.7836,1.8458,1.7836,1.8191
2019-01-22,1.7925,1.8191,1.7925,1.7925
2019-01-23,1.7954,1.7954,1.7748,1.7748
2019-01-24,1.8014,1.8280,1.7748,1.7748
2019-01-25,1.7836,1.8165,1.7659,1.7659
2019-01-28,1.7925,1.7925,1.7748,1.7748
2019-01-29,1.7748,1.7836,1.7659,1.7659
2019-01-30,1.7659,1.7659,1.7239,1.7304
2019-01-31,1.7748,1.7748,1.7393,1.7659
2019-02-01,1.7481,1.7748,1.7481,1.7748
2019-02-04,1.7659,1.8011,1.7659,1.7748
2019-02-05,1.7925,1.8103,1.7481,1.7481
2019-02-06,1.7659,1.8014,1.7659,1.7748
2019-02-07,1.7748,1.7748,1.7719,1.7748
2019-02-08,1.7836,1.7925,1.7659,1.7659
2019-02-11,1.7836,1.8014,1.7659,1.7659
2019-02-12,1.7836,1.8015,1.7836,1.8000
2019-02-13,1.7748,1.7925,1.7659,1.7659
2019-02-14,1.7836,1.8103,1.7748,1.7748
2019-02-15,1.7925,1.8103,1.7748,1.7748
2019-02-19,1.7836,1.8162,1.7836,1.8103
2019-02-20,1.8191,1.8191,1.7748,1.7748
2019-02-21,1.7748,1.8042,1.7748,1.8014
2019-02-22,1.8014,1.8191,1.7748,1.7836
2019-02-25,1.7836,1.8369,1.7836,1.8103
2019-02-26,1.8191,1.8371,1.8191,1.8191
2019-02-27,1.8191,1.8271,1.8191,1.8191
2019-02-28,1.8191,1.8269,1.8191,1.8269
2019-03-01,1.8458,1.8458,1.8014,1.8280
2019-03-04,1.8458,1.8458,1.8014,1.8014
2019-03-05,1.8191,1.8191,1.7925,1.8103
2019-03-06,1.8191,1.8191,1.7836,1.7836
2019-03-07,1.8014,1.8036,1.7748,1.7748
2019-03-08,1.7836,1.8098,1.7836,1.7925
2019-03-11,1.7925,1.8102,1.7925,1.8102
2019-03-12,1.8191,1.8280,1.8103,1.8103
2019-03-13,1.8103,1.8191,1.8099,1.8178
2019-03-14,1.8280,1.8368,1.8230,1.8368
2019-03-15,1.8103,1.8306,1.7836,1.7836
2019-03-18,1.8014,1.8213,1.8014,1.8191
2019-03-19,1.8103,1.8103,1.7889,1.7925
2019-03-20,1.7954,1.8014,1.7836,1.7836
2019-03-21,1.8103,1.8280,1.7836,1.7836
2019-03-22,1.8014,1.8101,1.7925,1.8014
2019-03-25,1.8103,1.8103,1.7958,1.8103
2019-03-26,1.8014,1.8103,1.7925,1.7925
2019-03-27,1.7925,1.8078,1.7925,1.8078
2019-03-28,1.8280,1.8280,1.7925,1.8191
2019-03-29,1.8191,1.8212,1.7925,1.7925
2019-04-01,1.8191,1.8280,1.8103,1.8280
2019-04-02,1.8369,1.8369,1.8014,1.8369
2019-04-03,1.7925,1.8061,1.7824,1.7925
2019-04-04,1.8014,1.8191,1.8014,1.8103
2019-04-05,1.8191,1.8369,1.8191,1.8214
2019-04-08,1.8546,1.8546,1.8280,1.8369
2019-04-09,1.8281,1.8369,1.8014,1.8068
2019-04-10,1.8014,1.8369,1.7748,1.7748
2019-04-11,1.8014,1.8191,1.8014,1.8191
2019-04-12,1.8369,1.8546,1.8369,1.8458
2019-04-15,1.8458,1.8458,1.8458,1.8458
2019-04-16,1.8371,1.8546,1.8370,1.8422
2019-04-17,1.8014,1.8458,1.8014,1.8103
2019-04-18,1.8103,1.8103,1.8014,1.8089
2019-04-22,1.8103,1.8369,1.7925,1.8103
2019-04-23,1.8280,1.8280,1.8191,1.8280
2019-04-24,1.8635,1.9520,1.8635,1.9079
2019-04-25,1.8191,1.9345,1.8191,1.9256
2019-04-26,1.9256,1.9256,1.8901,1.9079
2019-04-29,1.9167,1.9167,1.8901,1.8901
2019-04-30,1.8724,1.9167,1.8697,1.9167
2019-05-01,1.9345,1.9345,1.8990,1.8990
2019-05-02,1.9079,1.9079,1.8635,1.8635
2019-05-03,1.8813,1.8813,1.8191,1.8280
2019-05-06,1.8191,1.8458,1.7748,1.7925
2019-05-07,1.7925,1.8014,1.7836,1.8001
2019-05-08,1.8014,1.8280,1.7925,1.8191
2019-05-09,1.8015,1.8191,1.7748,1.7836
2019-05-10,1.7836,1.8191,1.7748,1.8191
2019-05-13,1.8014,1.8191,1.8014,1.8014
2019-05-14,1.8014,1.8191,1.8014,1.8191
2019-05-15,1.8280,1.8280,1.8103,1.8191
2019-05-16,1.8191,1.8191,1.8014,1.8103
2019-05-17,1.8191,1.8191,1.8103,1.8191
2019-05-20,1.8103,1.8191,1.8103,1.8191
2019-05-21,1.8103,1.8191,1.8103,1.8191
2019-05-22,1.8369,1.8458,1.8014,1.8280
2019-05-23,1.8280,1.8458,1.8280,1.8458
2019-05-24,1.8369,1.8546,1.8281,1.8546
2019-05-28,1.8458,1.8546,1.8458,1.8458
2019-05-29,1.8458,1.8546,1.8398,1.8398
2019-05-30,1.8369,1.8456,1.8369,1.8456
2019-05-31,1.8369,1.8458,1.8369,1.8458
2019-06-03,1.8458,1.8458,1.7748,1.7748
2019-06-04,1.8191,1.8458,1.7925,1.7925
2019-06-05,1.8191,1.8458,1.8191,1.8458
2019-06-06,1.8458,1.8458,1.7925,1.7925
2019-06-07,1.8014,1.8342,1.8014,1.8014
2019-06-10,1.8191,1.8191,1.7748,1.7792
2019-06-11,1.7925,1.7970,1.7304,1.7304
2019-06-12,1.7570,1.7845,1.7570,1.7659
2019-06-13,1.7570,1.8103,1.7393,1.7393
2019-06-14,1.7659,1.7836,1.7304,1.7304
2019-06-17,1.7659,1.7748,1.7393,1.7659
2019-06-18,1.7659,1.7836,1.7659,1.7659
2019-06-19,1.7661,1.7748,1.7308,1.7570
2019-06-20,1.7748,1.8014,1.7393,1.7481
2019-06-21,1.7481,1.7748,1.7481,1.7748
2019-06-24,1.7891,1.7891,1.7659,1.7659
2019-06-25,1.7481,1.7748,1.7304,1.7570
2019-06-26,1.7748,1.7748,1.7304,1.7304
2019-06-27,1.7570,1.7759,1.7348,1.7759
2019-06-28,1.7925,1.8458,1.7925,1.8458
2019-07-01,1.8458,1.8458,1.7570,1.7570
2019-07-02,1.7748,1.8103,1.7748,1.7836
2019-07-03,1.7748,1.8103,1.7708,1.7836
2019-07-05,1.7659,1.8103,1.7659,1.8103
2019-07-08,1.7926,1.8103,1.7836,1.7836
2019-07-09,1.8103,1.8103,1.7481,1.7570
2019-07-10,1.7748,1.7749,1.7570,1.7633
2019-07-11,1.7393,1.8014,1.7393,1.8014
2019-07-12,1.8280,1.8458,1.7304,1.7304
2019-07-15,1.7659,1.7748,1.7393,1.7659
2019-07-16,1.7748,1.7748,1.7481,1.7481
2019-07-17,1.7570,1.7659,1.7393,1.7481
2019-07-18,1.7480,1.7570,1.7480,1.7481
2019-07-19,1.7659,1.7659,1.7304,1.7304
2019-07-22,1.7215,1.7570,1.7215,1.7215
2019-07-23,1.7149,1.7393,1.7123,1.7123
2019-07-24,1.7393,1.7393,1.6949,1.7214
2019-07-25,1.6949,1.7215,1.6949,1.7126
2019-07-26,1.7215,1.7925,1.7215,1.7748
2019-07-29,1.7748,1.8280,1.7659,1.7659
2019-07-30,1.7710,1.8280,1.7393,1.7925
2019-07-31,1.7969,1.8458,1.7748,1.7748
2019-08-01,1.7836,1.8546,1.7748,1.7836
2019-08-02,1.8103,1.8458,1.7836,1.7836
2019-08-05,1.7925,1.8133,1.7836,1.7836
2019-08-06,1.8014,1.8280,1.7836,1.7836
2019-08-07,1.7748,1.8369,1.7748,1.8190
2019-08-08,1.7925,1.8191,1.7748,1.7748
2019-08-09,1.7836,1.8191,1.7836,1.7925
2019-08-12,1.8103,1.8369,1.7925,1.8280
2019-08-13,1.8103,1.8191,1.7748,1.7836
2019-08-14,1.7748,1.8103,1.7748,1.7748
2019-08-15,1.7748,1.8280,1.7748,1.8103
2019-08-16,1.8280,1.8280,1.8014,1.8014
2019-08-19,1.7836,1.8191,1.7836,1.8103
2019-08-20,1.7925,1.8280,1.7925,1.7925
2019-08-21,1.8103,1.8191,1.8103,1.8191
2019-08-22,1.8014,1.8191,1.7925,1.7925
2019-08-23,1.8014,1.8191,1.8014,1.8014
2019-08-26,1.8191,1.8191,1.7925,1.7925
2019-08-27,1.7925,1.8191,1.7836,1.7836
2019-08-28,1.7836,1.8191,1.7836,1.7836
2019-08-29,1.7836,1.8280,1.7836,1.7836
2019-08-30,1.7748,1.8369,1.7748,1.8014
2019-09-03,1.7925,1.8191,1.7748,1.7748
2019-09-04,1.7748,1.8014,1.7548,1.7748
2019-09-05,1.7659,1.8280,1.7570,1.7570
2019-09-06,1.7836,1.8280,1.7748,1.8280
2019-09-09,1.8280,1.8280,1.7659,1.7748
2019-09-10,1.7659,1.8103,1.7659,1.7748
2019-09-11,1.7836,1.8103,1.7748,1.7748
2019-09-12,1.7836,1.8014,1.7748,1.7748
2019-09-13,1.7570,1.8014,1.7570,1.7836
2019-09-16,1.7748,1.8014,1.7659,1.7925
2019-09-17,1.7925,1.7925,1.7748,1.7748
2019-09-18,1.7836,1.7925,1.7659,1.7659
2019-09-19,1.7836,1.7836,1.7570,1.7570
2019-09-20,1.7748,1.7748,1.7481,1.7481
2019-09-23,1.7748,1.7748,1.7473,1.7748
2019-09-24,1.7748,1.7748,1.7570,1.7570
2019-09-25,1.7659,1.7748,1.7393,1.7393
2019-09-26,1.7393,1.7659,1.7304,1.7393
2019-09-27,1.7570,1.7659,1.7393,1.7393
2019-09-30,1.7570,1.7659,1.7393,1.7570
2019-10-01,1.7570,1.7659,1.7215,1.7215
2019-10-02,1.7215,1.7570,1.6860,1.6860
2019-10-03,1.6860,1.7393,1.6860,1.6949
2019-10-04,1.6949,1.7304,1.6949,1.7215
2019-10-07,1.7215,1.7392,1.6949,1.6949
2019-10-08,1.7038,1.7038,1.6860,1.6949
2019-10-09,1.6949,1.6949,1.6772,1.6772
2019-10-10,1.7126,1.7215,1.6505,1.6505
2019-10-11,1.6505,1.7215,1.6505,1.6772
2019-10-14,1.6860,1.7393,1.6860,1.7393
2019-10-15,1.7393,1.7481,1.7038,1.7126
2019-10-16,1.6949,1.7038,1.6683,1.6683
2019-10-17,1.6860,1.6949,1.6729,1.6772
2019-10-18,1.6860,1.6893,1.6683,1.6772
2019-10-21,1.7038,1.7038,1.6683,1.6683
2019-10-22,1.6860,1.6860,1.6772,1.6816
2019-10-23,1.6860,1.7038,1.6816,1.6860
2019-10-24,1.7038,1.7038,1.6860,1.7038
2019-10-25,1.6860,1.7393,1.6860,1.7393
2019-10-28,1.7393,1.7393,1.6949,1.7126
2019-10-29,1.7304,1.7326,1.7126,1.7126
2019-10-30,1.7304,1.7393,1.7215,1.7304
2019-10-31,1.7393,1.7393,1.7038,1.7126
2019-11-01,1.7304,1.7570,1.7171,1.7251
2019-11-04,1.7481,1.7570,1.7126,1.7570
2019-11-05,1.7748,1.7748,1.7218,1.7218
2019-11-06,1.7393,1.7748,1.7304,1.7384
2019-11-07,1.7141,1.7329,1.6767,1.6860
2019-11-08,1.6954,1.7797,1.6940,1.7516
2019-11-11,1.7797,1.7984,1.7048,1.7703
2019-11-12,1.7516,1.7703,1.7516,1.7703
2019-11-13,1.7610,1.7891,1.7513,1.7703
2019-11-14,1.7797,1.7842,1.7610,1.7610
2019-11-15,1.7797,1.8265,1.7329,1.7703
2019-11-18,1.7984,1.7984,1.7610,1.7703
2019-11-19,1.7797,1.8265,1.7797,1.7891
2019-11-20,1.7610,1.8265,1.7141,1.7141
2019-11-21,1.7235,1.7984,1.7235,1.7797
2019-11-22,1.7984,1.8078,1.7422,1.7422
2019-11-25,1.7891,1.7984,1.7610,1.7770
2019-11-26,1.7516,1.8078,1.7516,1.7516
2019-11-27,1.7891,1.7919,1.7329,1.7516
2019-11-29,1.7797,1.7797,1.7709,1.7709
2019-12-02,1.7984,1.7984,1.7329,1.7329
2019-12-03,1.7272,1.7797,1.7048,1.7048
2019-12-04,1.7516,1.7891,1.7141,1.7141
2019-12-05,1.7235,1.7626,1.7235,1.7610
2019-12-06,1.7891,1.7891,1.7516,1.7516
2019-12-09,1.7797,1.7797,1.7431,1.7431
2019-12-10,1.7797,1.7797,1.7518,1.7621
2019-12-11,1.7610,1.7656,1.7429,1.7610
2019-12-12,1.7610,1.7984,1.7530,1.7610
2019-12-13,1.7891,1.7891,1.7422,1.7797
2019-12-16,1.7797,1.7984,1.7703,1.7797
2019-12-17,1.7891,1.8265,1.7610,1.7610
2019-12-18,1.7797,1.7891,1.7610,1.7876
2019-12-19,1.7797,1.7797,1.7422,1.7763
2019-12-20,1.7610,1.7785,1.7422,1.7703
2019-12-23,1.7797,1.7797,1.7422,1.7516
2019-12-24,1.7797,1.7797,1.7610,1.7702
2019-12-26,1.7797,1.7797,1.7616,1.7703
2019-12-27,1.7703,1.7703,1.7516,1.7610
2019-12-30,1.7610,1.7703,1.7523,1.7610
2019-12-31,1.7516,1.7610,1.7422,1.7422
2020-01-02,1.7329,1.7516,1.7329,1.7422
2020-01-03,1.7516,1.7703,1.7422,1.7422
2020-01-06,1.7703,1.7703,1.7422,1.7610
2020-01-07,1.7235,1.7555,1.7235,1.7235
2020-01-08,1.7235,1.7563,1.7235,1.7422
2020-01-09,1.7516,1.7633,1.7141,1.7235
2020-01-10,1.7235,1.7291,1.6860,1.6954
2020-01-13,1.6954,1.7328,1.5924,1.7094
2020-01-14,1.7235,1.7422,1.7116,1.7329
2020-01-15,1.7329,1.7797,1.7329,1.7422
2020-01-16,1.7329,1.7610,1.7329,1.7329
2020-01-17,1.7141,1.7467,1.7141,1.7467
2020-01-21,1.7329,1.7703,1.7141,1.7329
2020-01-22,1.7503,1.7703,1.7235,1.7235
2020-01-23,1.7422,1.7703,1.7236,1.7422
2020-01-24,1.7141,1.7329,1.7070,1.7232
2020-01-27,1.7048,1.7048,1.6579,1.6860
2020-01-28,1.6860,1.6860,1.6860,1.6860
2020-01-29,1.7235,1.7235,1.6954,1.7141
2020-01-30,1.6860,1.6860,1.6720,1.6767
2020-01-31,1.7329,1.7329,1.6913,1.7048
2020-02-03,1.7141,1.7141,1.6673,1.6767
2020-02-04,1.6673,1.6860,1.6673,1.6860
2020-02-05,1.6673,1.7044,1.6579,1.6720
2020-02-06,1.6579,1.6813,1.6579,1.6767
2020-02-07,1.6767,1.6860,1.6487,1.6860
2020-02-10,1.6954,1.6954,1.6851,1.6851
2020-02-11,1.7048,1.7048,1.6806,1.7022
2020-02-12,1.6792,1.7048,1.6486,1.6767
2020-02-13,1.6767,1.6768,1.6579,1.6767
2020-02-14,1.6954,1.6954,1.6581,1.6817
2020-02-18,1.6860,1.6926,1.6673,1.6673
2020-02-19,1.6860,1.6860,1.6486,1.6486
2020-02-20,1.6486,1.6579,1.6486,1.6579
2020-02-21,1.6392,1.6683,1.6392,1.6673
2020-02-24,1.6392,1.6392,1.5830,1.6017
2020-02-25,1.5924,1.5924,1.5455,1.5614
2020-02-26,1.5998,1.5998,1.5081,1.5081
2020-02-27,1.4987,1.5362,1.4987,1.4987
2020-02-28,1.5455,1.5643,1.4706,1.5455
2020-03-02,1.5455,1.5455,1.4987,1.4987
2020-03-03,1.4800,1.5362,1.4706,1.4893
2020-03-04,1.5362,1.5362,1.4309,1.5174
2020-03-05,1.5268,1.5268,1.4895,1.5268
2020-03-06,1.4706,1.5174,1.4706,1.4893
2020-03-09,1.4519,1.4519,1.3863,1.4097
2020-03-10,1.3769,1.3863,1.3395,1.3863
2020-03-11,1.3395,1.3957,1.3395,1.3863
2020-03-12,1.4050,1.4050,1.2833,1.3020
2020-03-13,1.3957,1.3957,1.2645,1.2833
2020-03-16,1.3301,1.3301,1.2645,1.2645
2020-03-17,1.2645,1.2645,1.1896,1.2271
2020-03-18,1.2177,1.2177,1.1014,1.1147
2020-03-19,1.1147,1.1802,1.1053,1.1802
2020-03-20,1.2177,1.2177,1.1802,1.2177
2020-03-23,1.2552,1.6017,1.0957,1.1147
2020-03-24,1.1334,1.2552,1.1334,1.2552
2020-03-25,1.2552,1.2552,1.1240,1.1709
2020-03-26,1.1709,1.2458,1.1709,1.2327
2020-03-27,1.1709,1.2364,1.1709,1.2364
2020-03-30,1.2364,1.2364,1.1943,1.1990
2020-03-31,1.2028,1.2083,1.1709,1.1709
2020-04-01,1.1709,1.1990,1.1306,1.1334
2020-04-02,1.1334,1.2458,1.1334,1.1428
2020-04-03,1.1896,1.2271,1.1709,1.2271
2020-04-06,1.2833,1.3109,1.1802,1.1896
2020-04-07,1.2739,1.2833,1.2350,1.2833
2020-04-08,1.1990,1.2767,1.1990,1.2767
2020-04-09,1.2645,1.2754,1.1802,1.1990
2020-04-13,1.2364,1.2364,1.0866,1.1193
2020-04-14,1.1709,1.2121,1.1147,1.1147
2020-04-15,1.1240,1.1709,1.1053,1.1053
2020-04-16,1.1240,1.1240,1.0585,1.0585
2020-04-17,1.1240,1.1334,1.0678,1.0912
2020-04-20,1.1147,1.1147,1.0725,1.0725
2020-04-21,1.0866,1.0866,1.0303,1.0303
2020-04-22,1.0210,1.0668,1.0022,1.0116
2020-04-23,0.9929,1.0585,0.9929,1.0257
2020-04-24,1.0585,1.0585,1.0022,1.0022
2020-04-27,1.0116,1.0491,1.0022,1.0303
2020-04-28,1.0772,1.0866,1.0230,1.0303
2020-04-29,1.0303,1.2177,1.0303,1.2177
2020-04-30,1.2177,1.2926,1.1428,1.2428
2020-05-01,1.2645,1.2833,1.1896,1.1990
2020-05-04,1.2177,1.2552,1.1521,1.1709
2020-05-05,1.2177,1.2739,1.1900,1.1900
2020-05-06,1.2271,1.2458,1.1521,1.1615
2020-05-07,1.1615,1.2552,1.1615,1.2457
2020-05-08,1.2645,1.2926,1.2490,1.2645
2020-05-11,1.2739,1.3207,1.1896,1.1896
2020-05-12,1.2271,1.3207,1.2271,1.3207
2020-05-13,1.3207,1.3488,1.1709,1.1709
2020-05-14,1.2083,1.2458,1.0866,1.1334
2020-05-15,1.1334,1.1850,1.0772,1.1334
2020-05-18,1.0959,1.2083,1.0959,1.2083
2020-05-19,1.2083,1.2645,1.1745,1.1745
2020-05-20,1.2458,1.2458,1.1709,1.2177
2020-05-21,1.1802,1.2552,1.1709,1.2177
2020-05-22,1.2271,1.2645,1.2083,1.2364
2020-05-26,1.2926,1.3114,1.2458,1.2926
2020-05-27,1.3114,1.3207,1.3114,1.3207
2020-05-28,1.3395,1.3395,1.3020,1.3020
2020-05-29,1.3301,1.3301,1.3020,1.3207
2020-06-01,1.3488,1.3488,1.3114,1.3301
2020-06-02,1.3301,1.3488,1.3207,1.3301
2020-06-03,1.4706,1.5549,1.4425,1.4987
2020-06-04,1.5455,1.5455,1.3676,1.4238
2020-06-05,1.5174,1.5268,1.4519,1.5174
2020-06-08,1.5455,1.5455,1.5118,1.5174
2020-06-09,1.5362,1.5471,1.4733,1.4800
2020-06-10,1.4612,1.4800,1.3209,1.4401
2020-06-11,1.3301,1.3863,1.3268,1.3485
2020-06-12,1.4050,1.4705,1.3488,1.4705
2020-06-15,1.4519,1.4706,1.3582,1.4050
2020-06-16,1.4800,1.4800,1.4051,1.4331
2020-06-17,1.4612,1.4612,1.4144,1.4331
2020-06-18,1.4519,1.4519,1.3582,1.3582
2020-06-19,1.3769,1.4065,1.3114,1.4050
2020-06-22,1.4050,1.4050,1.3582,1.3769
2020-06-23,1.3676,1.4425,1.3207,1.4424
2020-06-24,1.4425,1.4425,1.3863,1.3863
2020-06-25,1.3863,1.4331,1.3493,1.4238
2020-06-26,1.4238,1.5643,1.3301,1.5362
2020-06-29,1.5455,1.5455,1.4364,1.4425
2020-06-30,1.4425,1.4659,1.4238,1.4519
2020-07-01,1.4425,1.4612,1.3863,1.3863
2020-07-02,1.4706,1.4706,1.3888,1.4331
2020-07-06,1.4238,1.4683,1.3443,1.4241
2020-07-07,1.4238,1.4238,1.3488,1.3676
2020-07-08,1.3562,1.3956,1.3301,1.3582
2020-07-09,1.3582,1.3582,1.2552,1.2833
2020-07-10,1.3395,1.3488,1.2739,1.2926
2020-07-13,1.3395,1.3582,1.2879,1.3020
2020-07-14,1.3301,1.3301,1.2645,1.3207
2020-07-15,1.3395,1.4893,1.3207,1.3676
2020-07-16,1.3301,1.4612,1.3301,1.4050
2020-07-17,1.4050,1.4408,1.3583,1.4048
2020-07-20,1.3769,1.4050,1.3769,1.3957
2020-07-21,1.4144,1.4164,1.3722,1.4050
2020-07-22,1.4238,1.4238,1.3863,1.3863
2020-07-23,1.3887,1.4050,1.3207,1.3207
2020-07-24,1.3582,1.3582,1.2833,1.3488
2020-07-27,1.3582,1.3582,1.3348,1.3348
2020-07-28,1.3582,1.3582,1.3114,1.3488
2020-07-29,1.3863,1.3863,1.3114,1.3582
2020-07-30,1.3582,1.4050,1.3114,1.3488
2020-07-31,1.3583,1.3583,1.3067,1.3301
2020-08-03,1.3395,1.3863,1.3395,1.3676
2020-08-04,1.3207,1.3646,1.3207,1.3488
2020-08-05,1.3676,1.3769,1.3114,1.3207
2020-08-06,1.3114,1.3488,1.3114,1.3208
2020-08-07,1.3488,1.3488,1.3198,1.3488
2020-08-10,1.3488,1.3676,1.3207,1.3676
2020-08-11,1.3582,1.3863,1.3139,1.3301
2020-08-12,1.3207,1.3526,1.3207,1.3301
2020-08-13,1.3114,1.3698,1.3114,1.3326
2020-08-14,1.3395,1.3619,1.3301,1.3301
2020-08-17,1.3301,1.3488,1.3207,1.3395
2020-08-18,1.3582,1.3582,1.3301,1.3395
2020-08-19,1.3301,1.3676,1.2927,1.3676
2020-08-20,1.3676,1.3676,1.3347,1.3441
2020-08-21,1.3676,1.3676,1.3395,1.3676
2020-08-24,1.3676,1.4050,1.3535,1.4050
2020-08-25,1.4050,1.4050,1.3794,1.4050
2020-08-26,1.4144,1.4144,1.3957,1.4050
2020-08-27,1.3863,1.4050,1.3301,1.3582
2020-08-28,1.3488,1.3769,1.3301,1.3582
2020-08-31,1.3301,1.3676,1.3301,1.3488
2020-09-01,1.3769,1.4050,1.3488,1.3863
2020-09-02,1.3582,1.3769,1.3114,1.3488
2020-09-03,1.3301,1.3676,1.3210,1.3301
2020-09-04,1.3301,1.3634,1.3114,1.3301
2020-09-08,1.3020,1.3769,1.3020,1.3769
2020-09-09,1.3863,1.3863,1.3488,1.3676
2020-09-10,1.3301,1.3676,1.3207,1.3676
2020-09-11,1.3395,1.3676,1.3395,1.3582
2020-09-14,1.3395,1.3769,1.3395,1.3769
2020-09-15,1.3395,1.3957,1.3395,1.3957
2020-09-16,1.4050,1.4144,1.3769,1.3863
2020-09-17,1.3957,1.4050,1.3301,1.3301
2020-09-18,1.3769,1.3769,1.2645,1.2926
2020-09-21,1.3582,1.3582,1.2364,1.2364
2020-09-22,1.2833,1.3301,1.2739,1.3020
2020-09-23,1.3114,1.3301,1.2645,1.3020
2020-09-24,1.3301,1.3395,1.2964,1.3207
2020-09-25,1.3207,1.3301,1.2739,1.3114
2020-09-28,1.3301,1.3357,1.2645,1.3301
2020-09-29,1.3301,1.3488,1.3207,1.3207
2020-09-30,1.3027,1.3488,1.2645,1.3207
2020-10-01,1.3173,1.3207,1.2364,1.2505
2020-10-02,1.2552,1.3395,1.2552,1.3395
2020-10-05,1.3301,1.3395,1.3020,1.3207
2020-10-06,1.3395,1.3395,1.2926,1.3020
2020-10-07,1.2926,1.3395,1.2926,1.3395
2020-10-08,1.3395,1.3395,1.3020,1.3114
2020-10-09,1.3395,1.3582,1.3114,1.3114
2020-10-12,1.3395,1.3395,1.3207,1.3301
2020-10-13,1.3301,1.3301,1.2926,1.2926
2020-10-14,1.2833,1.3582,1.2833,1.3395
2020-10-15,1.3114,1.3488,1.3066,1.3301
2020-10-16,1.3582,1.3769,1.3301,1.3582
2020-10-19,1.3582,1.3769,1.3114,1.3301
2020-10-20,1.3301,1.3676,1.3114,1.3114
2020-10-21,1.3114,1.3507,1.3114,1.3488
2020-10-22,1.3114,1.3489,1.3114,1.3488
2020-10-23,1.3676,1.3769,1.3301,1.3395
2020-10-26,1.3114,1.3395,1.3114,1.3301
2020-10-27,1.3582,1.3676,1.3166,1.3676
2020-10-28,1.3582,1.3722,1.3114,1.3582
2020-10-29,1.3863,1.4330,1.3863,1.4238
2020-10-30,1.4425,1.4519,1.3853,1.4238
2020-11-02,1.4144,1.4987,1.4144,1.4893
2020-11-03,1.5081,1.5454,1.4800,1.5362
2020-11-04,1.4800,1.5174,1.4519,1.5174
2020-11-05,1.5174,1.5174,1.4893,1.5081
2020-11-06,1.5362,1.7329,1.5182,1.7141
2020-11-09,1.8258,1.8453,1.7287,1.8453
2020-11-10,1.8647,1.8938,1.7677,1.8258
2020-11-11,1.8356,1.8453,1.7190,1.7545
2020-11-12,1.7870,1.7870,1.6607,1.6899
2020-11-13,1.6899,1.7870,1.6899,1.7579
2020-11-16,1.7870,1.8453,1.7773,1.8064
2020-11-17,1.8161,1.8453,1.7773,1.8161
2020-11-18,1.8258,1.8258,1.7093,1.7287
2020-11-19,1.7481,1.7481,1.6996,1.7481
2020-11-20,1.7481,1.7967,1.7481,1.7967
2020-11-23,1.7967,1.8938,1.7967,1.8453
2020-11-24,1.8453,1.9035,1.8353,1.8453
2020-11-25,1.8744,1.8938,1.8161,1.8647
2020-11-27,1.8841,1.9424,1.8741,1.9230
2020-11-30,1.8938,1.9230,1.8161,1.8187
2020-12-01,1.8841,1.8938,1.8255,1.8867
2020-12-02,1.8938,1.9132,1.8258,1.8453
2020-12-03,1.8744,1.8744,1.8162,1.8453
2020-12-04,1.8453,1.8647,1.7773,1.7870
2020-12-07,1.8453,1.8938,1.8121,1.8744
2020-12-08,1.8938,1.9424,1.7870,1.7967
2020-12-09,1.8647,1.8744,1.8258,1.8550
2020-12-10,1.8744,1.9133,1.8356,1.9132
2020-12-11,1.9132,1.9424,1.9035,1.9327
2020-12-14,1.9424,1.9424,1.8355,1.8501
2020-12-15,1.8647,1.9290,1.8356,1.8647
2020-12-16,1.9132,1.9249,1.8647,1.9035
2020-12-17,1.9035,1.9424,1.9035,1.9424
2020-12-18,1.9424,1.9722,1.9035,1.9035
2020-12-21,1.9035,1.9230,1.8453,1.9035
2020-12-22,1.9035,1.9521,1.9035,1.9327
2020-12-23,1.9327,1.9521,1.9230,1.9327
2020-12-24,1.9230,1.9424,1.9132,1.9132
2020-12-28,1.9424,2.3600,1.9422,2.1658
2020-12-29,2.1560,2.1651,2.0395,2.0589
2020-12-30,2.0589,2.1366,2.0298,2.0589
2020-12-31,2.0783,2.5057,2.0395,2.2046
2021-01-04,2.2629,2.2823,2.0881,2.2532
2021-01-05,2.2726,2.2823,2.1853,2.2337
2021-01-06,2.2629,2.3309,2.2143,2.2143
2021-01-07,2.2337,2.3794,2.2337,2.3600
2021-01-08,2.3891,2.3891,2.2143,2.2337
2021-01-11,2.1560,2.2386,1.9715,1.9715
2021-01-12,2.1269,2.2046,2.0492,2.1658
2021-01-13,2.1949,2.2670,2.1560,2.2046
2021-01-14,2.1755,2.5057,2.1755,2.2920
2021-01-15,2.2920,2.4280,2.2920,2.3211
2021-01-19,2.3794,2.5445,2.2823,2.3309
2021-01-20,2.3600,2.3891,2.3115,2.3211
2021-01-21,2.3211,2.4086,2.3211,2.3503
2021-01-22,2.3211,2.4183,2.3211,2.3503
2021-01-25,2.3211,2.3635,2.3017,2.3406
2021-01-26,2.3406,2.5833,2.3330,2.4765
2021-01-27,2.4280,2.4668,2.2532,2.2532
2021-01-28,2.1463,2.2143,1.9812,2.0589
2021-01-29,2.1075,2.1853,2.0492,2.0783
2021-02-01,2.0783,2.0783,1.9618,2.0104
2021-02-02,2.0104,2.1366,1.9812,2.0881
2021-02-03,2.1075,2.1297,2.0395,2.0978
2021-02-04,2.0589,2.1269,2.0589,2.0978
2021-02-05,2.0783,2.1463,2.0589,2.1075
2021-02-08,2.1172,2.2240,2.0978,2.1560
2021-02-09,2.1949,2.2087,2.1172,2.1755
2021-02-10,2.1949,2.2165,2.1269,2.1658
2021-02-11,2.1463,2.1658,2.1075,2.1366
2021-02-12,2.1075,2.1560,2.1075,2.1463
2021-02-16,2.1658,2.1755,2.1463,2.1658
2021-02-17,2.1658,2.2337,2.1658,2.2143
2021-02-18,2.2337,2.2337,2.1365,2.1852
2021-02-19,2.2046,2.4765,2.1853,2.3017
2021-02-22,2.3211,2.3988,2.3018,2.3600
2021-02-23,2.3697,2.3697,2.1366,2.2726
2021-02-24,2.2726,2.3017,2.2435,2.2823
2021-02-25,2.2823,2.3017,2.1949,2.2435
2021-02-26,2.2629,2.2629,2.1463,2.1463
2021-03-01,2.1463,2.2046,2.1463,2.1560
2021-03-02,2.2046,2.2046,2.0881,2.1463
2021-03-03,2.1172,2.1755,2.1172,2.1366
2021-03-04,2.0978,2.1658,2.0881,2.1075
2021-03-05,2.0783,2.1075,2.0686,2.0881
2021-03-08,2.0881,2.1852,2.0881,2.1463
2021-03-09,2.1366,2.1803,2.1075,2.1463
2021-03-10,2.1366,2.2337,2.1366,2.1658
2021-03-11,2.1949,2.2435,2.1852,2.2435
2021-03-12,2.2435,2.2435,2.1597,2.1852
2021-03-15,2.1852,2.2435,2.1270,2.1852
2021-03-16,2.1755,2.1852,2.1463,2.1658
2021-03-17,2.1852,2.1852,2.1221,2.1463
2021-03-18,2.1560,2.1560,2.1172,2.1269
2021-03-19,2.0978,2.1366,1.9909,2.0881
2021-03-22,2.0881,2.1103,2.0298,2.0589
2021-03-23,2.0686,2.0686,1.9521,1.9825
2021-03-24,1.9715,2.0389,1.9618,1.9909
2021-03-25,2.0201,2.0395,2.0007,2.0395
2021-03-26,2.0686,2.0686,1.9812,2.0201
2021-03-29,2.0395,2.0395,1.9618,1.9618
2021-03-30,1.9715,2.0298,1.9618,1.9812
2021-03-31,2.0104,2.0104,1.9909,2.0007
2021-04-01,2.0395,2.0395,1.9812,2.0298
2021-04-05,2.0201,2.0783,2.0104,2.0589
2021-04-06,2.0686,2.0783,2.0201,2.0298
2021-04-07,2.0395,2.1172,2.0392,2.0783
2021-04-08,2.0686,2.0881,2.0113,2.0395
2021-04-09,2.0686,2.0783,2.0201,2.0444
2021-04-12,2.0201,2.0491,2.0201,2.0201
2021-04-13,2.0007,2.0395,1.9909,2.0298
2021-04-14,2.0395,2.0395,2.0104,2.0104
2021-04-15,2.0395,2.0395,2.0104,2.0298
2021-04-16,2.0395,2.0395,2.0104,2.0201
2021-04-19,2.0201,2.0492,2.0201,2.0298
2021-04-20,2.0298,2.0395,1.9424,1.9909
2021-04-21,1.9618,2.0589,1.9618,2.0395
2021-04-22,2.0492,2.0783,2.0492,2.0783
2021-04-23,2.1075,2.1075,2.0589,2.0881
2021-04-26,2.1269,2.1755,2.0881,2.1560
2021-04-27,2.1852,2.1852,2.0982,2.1172
2021-04-28,2.1463,2.1658,2.0944,2.1463
2021-04-29,2.1172,2.1342,2.0492,2.0589
2021-04-30,2.0881,2.1851,2.0707,2.1755
2021-05-03,2.2240,2.3308,2.1075,2.1366
2021-05-04,2.1755,2.2532,2.1576,2.2337
2021-05-05,2.2726,2.1658,2.0881,2.0978
2021-05-06,2.1755,2.1755,2.0978,2.1172
2021-05-07,2.1560,2.1758,2.1165,2.1560
2021-05-10,2.1758,2.1758,2.0868,2.0967
2021-05-11,2.0967,2.1461,2.0769,2.1363
2021-05-12,2.1462,2.1462,2.0670,2.0967
2021-05-13,2.1264,2.1363,2.0571,2.0967
2021-05-14,2.1264,2.1560,2.1165,2.1560
2021-05-17,2.1758,2.1758,2.1165,2.1758
2021-05-18,2.2253,2.2253,2.1758,2.1956
2021-05-19,2.1956,2.2252,2.1462,2.2252
2021-05-20,2.2253,2.2253,2.1758,2.1857
2021-05-21,2.1956,2.2154,2.1854,2.2154
2021-05-24,2.1956,2.2154,2.1709,2.2055
2021-05-25,2.1758,2.2549,2.1758,2.2451
2021-05-26,2.2154,2.2747,2.2154,2.2451
2021-05-27,2.2451,2.2846,2.2329,2.2549
2021-05-28,2.2549,2.2549,2.1758,2.2253
2021-06-01,2.2154,2.2648,2.2154,2.2352
2021-06-02,2.2549,2.2747,2.2253,2.2648
2021-06-03,2.2648,2.2846,2.2549,2.2747
2021-06-04,2.2648,2.2738,2.2451,2.2648
2021-06-07,2.2747,2.2846,2.2462,2.2549
2021-06-08,2.2846,2.2945,2.2451,2.2451
2021-06-09,2.2648,2.2845,2.2055,2.2352
2021-06-10,2.2846,2.2846,2.2301,2.2451
2021-06-11,2.2846,2.2945,2.2238,2.2352
2021-06-14,2.2352,2.2846,2.2352,2.2648
2021-06-15,2.2846,2.2846,2.2278,2.2451
2021-06-16,2.3143,2.3341,2.2154,2.3341
2021-06-17,2.3341,2.3610,2.2945,2.2945
2021-06-18,2.3044,2.3242,2.2253,2.2945
2021-06-21,2.2945,2.2945,2.2352,2.2648
2021-06-22,2.2747,2.2945,2.2352,2.2648
2021-06-23,2.3044,2.3044,2.2154,2.2648
2021-06-24,2.2451,2.2747,2.2451,2.2549
2021-06-25,2.2549,2.2846,2.1956,2.2846
2021-06-28,2.2549,2.2746,2.2349,2.2648
2021-06-29,2.2648,2.2648,2.2352,2.2460
2021-06-30,2.2451,2.2549,2.2154,2.2253
2021-07-01,2.2451,2.2648,2.2352,2.2451
2021-07-02,2.2253,2.2574,2.2253,2.2549
2021-07-06,2.2846,2.2846,2.2253,2.2352
2021-07-07,2.2549,2.2549,2.2253,2.2253
2021-07-08,2.2253,2.2549,2.2253,2.2253
2021-07-09,2.2352,2.2451,2.2254,2.2432
2021-07-12,2.2648,2.2846,2.2530,2.2797
2021-07-13,2.2549,2.2648,2.2549,2.2549
2021-07-14,2.2747,2.2747,2.2253,2.2352
2021-07-15,2.2352,2.2451,2.2253,2.2451
2021-07-16,2.2549,2.2747,2.2352,2.2352
2021-07-19,2.2352,2.2466,2.2253,2.2352
2021-07-20,2.2352,2.2846,2.2253,2.2253
2021-07-21,2.2648,2.3459,2.2352,2.2945
2021-07-22,2.3242,2.3242,2.2353,2.2450
2021-07-23,2.2549,2.3242,2.2549,2.2723
2021-07-26,2.3044,2.3044,2.2549,2.2747
2021-07-27,2.2945,2.2945,2.2055,2.2063
2021-07-28,2.2154,2.2945,2.2154,2.2549
2021-07-29,2.4132,2.4132,2.3291,2.3318
2021-07-30,2.3736,2.3736,2.2747,2.2846
2021-08-02,2.3143,2.3636,2.2886,2.3143
2021-08-03,2.3242,2.6209,2.3231,2.6209
2021-08-04,2.6209,2.7495,2.6209,2.6505
2021-08-05,2.6802,2.7198,2.3835,2.4033
2021-08-06,2.3044,2.4527,2.2846,2.4527
2021-08-09,2.5121,2.7099,2.5121,2.5912
2021-08-10,2.6505,2.6505,2.5714,2.6110
2021-08-11,2.6209,2.7593,2.6209,2.7099
2021-08-12,2.7692,2.7692,2.7000,2.7000
2021-08-13,2.6802,2.6802,2.5220,2.6308
2021-08-16,2.6209,2.7075,2.6011,2.6110
2021-08-17,2.6209,2.6308,2.5022,2.5490
2021-08-18,2.5022,2.5515,2.4923,2.4993
2021-08-19,2.4725,2.5121,2.4725,2.5022
2021-08-20,2.5319,2.5319,2.4825,2.4995
2021-08-23,2.5615,2.7388,2.5615,2.6505
2021-08-24,2.7198,2.7297,2.6209,2.6308
2021-08-25,2.6505,2.6505,2.5813,2.5813
2021-08-26,2.5813,2.6407,2.5813,2.6308
2021-08-27,2.6308,2.6308,2.5714,2.5714
2021-08-30,2.5714,2.7490,2.5714,2.6802
2021-08-31,2.7099,2.7099,2.6011,2.6011
2021-09-01,2.5912,2.6802,2.5912,2.6209
2021-09-02,2.6604,2.6802,2.5912,2.6110
2021-09-03,2.6209,2.6307,2.5615,2.5714
2021-09-07,2.5714,2.7072,2.5714,2.6407
2021-09-08,2.6308,2.6308,2.4527,2.4527
2021-09-09,2.5615,2.5615,2.4429,2.4725
2021-09-10,2.5220,2.5713,2.4527,2.4527
2021-09-13,2.4527,2.5022,2.4330,2.4725
2021-09-14,2.4923,2.4923,2.4330,2.4330
2021-09-15,2.4330,2.4725,2.3538,2.3835
2021-09-16,2.4132,2.4231,2.3424,2.3934
2021-09-17,2.3736,2.4132,2.3440,2.4132
2021-09-20,2.4231,2.4429,2.3242,2.3538
2021-09-21,2.3341,2.3440,2.2463,2.2846
2021-09-22,2.2747,2.3044,2.2506,2.2945
2021-09-23,2.2945,2.4231,2.2945,2.4231
2021-09-24,2.4231,2.4231,2.3440,2.3835
2021-09-27,2.3736,2.4410,2.3538,2.3835
2021-09-28,2.3736,2.3885,2.3242,2.3637
2021-09-29,2.4033,2.4604,2.3736,2.3934
2021-09-30,2.4132,2.4231,2.3736,2.3934
2021-10-01,2.4330,2.4330,2.3736,2.3736
2021-10-04,2.3538,2.4005,2.3143,2.3143
2021-10-05,2.3637,2.4725,2.3637,2.4725
2021-10-06,2.5022,2.5220,2.4725,2.4824
2021-10-07,2.5516,2.5516,2.4132,2.4330
2021-10-08,2.4033,2.4518,2.4033,2.4429
2021-10-11,2.4626,2.4725,2.3736,2.3842
2021-10-12,2.4231,2.4231,2.3736,2.3736
2021-10-13,2.3736,2.3736,2.3143,2.3440
2021-10-14,2.3440,2.3736,2.2945,2.3242
2021-10-15,2.3242,2.3588,2.2995,2.3538
2021-10-18,2.3538,2.4231,2.3538,2.3835
2021-10-19,2.4132,2.4323,2.3736,2.3736
2021-10-20,2.4231,2.4429,2.4033,2.4132
2021-10-21,2.4231,2.4527,2.3440,2.3835
2021-10-22,2.4132,2.4330,2.3440,2.3934
2021-10-25,2.4330,2.4330,2.2945,2.3736
2021-10-26,2.3835,2.3934,2.3246,2.3440
2021-10-27,2.3736,2.3736,2.2254,2.2648
2021-10-28,2.1956,2.2648,2.1859,2.2451
2021-10-29,2.2747,2.2747,2.2253,2.2352
2021-11-01,2.2549,2.3341,2.1858,2.2253
2021-11-02,2.2747,2.3093,2.2055,2.2648
2021-11-03,2.2747,2.2747,2.2451,2.2747
2021-11-04,2.2451,2.2945,2.2253,2.2648
2021-11-05,2.2648,2.2747,2.2549,2.2648
2021-11-08,2.2648,2.2648,2.1560,2.2549
2021-11-09,3.6000,3.6000,3.5800,3.6000
2021-11-10,3.5800,3.6000,3.5800,3.5900
2021-11-11,3.5900,3.5900,3.5800,3.5900
2021-11-12,3.5900,3.6000,3.5800,3.5900
2021-11-15,3.5800,3.6100,3.5800,3.5900
2021-11-16,3.5800,3.6000,3.5800,3.5900
2021-11-17,3.5900,3.6000,3.5900,3.5900
2021-11-18,3.6000,3.6000,3.5900,3.6000
2021-11-19,3.5800,3.6000,3.5800,3.5900
2021-11-22,3.5900,3.6000,3.5800,3.5900
2021-11-23,3.5900,3.6000,3.5900,3.5900
2021-11-24,3.5900,3.6000,3.5900,3.6000
2021-11-26,3.5800,3.5987,3.5800,3.5900
2021-11-29,3.5900,3.6000,3.5800,3.5900
2021-11-30,3.5800,3.6000,3.5800,3.6000
2021-12-01,3.6000,3.6100,3.5900,3.6000
2021-12-02,3.6000,3.6100,3.5900,3.6100
2021-12-03,3.5900,3.6100,3.5900,3.6000
2021-12-06,3.5900,3.6079,3.5900,3.6000
2021-12-07,3.6000,3.6100,3.6000,3.6000
2021-12-08,3.6100,3.6100,3.5900,3.6000
2021-12-09,3.6000,3.6000,3.5900,3.5900
2021-12-10,3.6100,3.6100,3.5900,3.6000
2021-12-13,3.6000,3.6100,3.6000,3.6000
2021-12-14,3.6000,3.6100,3.5900,3.5900
2021-12-15,3.6000,3.6100,3.6000,3.6100
2021-12-16,3.6000,3.6100,3.6000,3.6100
2021-12-17,3.6000,3.6200,3.6000,3.6200
2021-12-20,3.6000,3.6100,3.6000,3.6000
2021-12-21,3.6000,3.6100,3.6000,3.6100
