DATE,OPEN,HIGH,LOW,CLOSE,VOLUME,MA50
1996-11-27,2.2837,2.3125,2.2837,2.2981,0.424,
1996-11-29,2.2981,2.3125,2.2981,2.3125,0.041,
1996-12-02,2.3125,2.3125,2.2981,2.3125,0.068,
1996-12-03,2.3125,2.3390,2.2981,2.3390,0.070,
1996-12-04,2.3390,2.3390,2.2981,2.3125,0.151,
1996-12-05,2.3125,2.3257,2.2981,2.2981,0.067,
1996-12-06,2.2981,2.2981,2.2837,2.2981,0.123,
1996-12-09,2.2837,2.3125,2.2837,2.3125,0.061,
1996-12-10,2.3125,2.3125,2.2981,2.2981,0.078,
1996-12-11,2.2981,2.2981,2.2837,2.2981,0.057,
1996-12-12,2.2837,2.2981,2.2837,2.2837,0.129,
1996-12-13,2.2837,2.2981,2.2837,2.2837,0.097,
1996-12-16,2.2981,2.2981,2.2837,2.2981,0.065,
1996-12-17,2.2837,2.2981,2.2837,2.2981,0.078,
1996-12-18,2.2981,2.2981,2.2837,2.2981,0.045,
1996-12-19,2.2981,2.2981,2.2837,2.2837,0.041,
1996-12-20,2.2981,2.2981,2.2837,2.2837,0.038,
1996-12-23,2.2981,2.3125,2.2837,2.2981,0.066,
1996-12-24,2.2981,2.2981,2.2837,2.2837,0.029,
1996-12-26,2.2837,2.2981,2.2837,2.2837,0.031,
1996-12-27,2.2842,2.3119,2.2842,2.2981,0.015,
1996-12-30,2.2837,2.2981,2.2837,2.2981,0.063,
1996-12-31,2.2981,2.2981,2.2427,2.2704,0.047,
1997-01-02,2.2704,2.2848,2.2571,2.2571,0.022,
1997-01-03,2.2704,2.2848,2.2704,2.2848,0.020,
1997-01-06,2.2981,2.2981,2.2704,2.2848,0.061,
1997-01-07,2.2848,2.2848,2.2704,2.2704,0.039,
1997-01-08,2.2848,2.2848,2.2704,2.2704,0.076,
1997-01-09,2.2848,2.2981,2.2704,2.2981,0.078,
1997-01-10,2.2848,2.2981,2.2704,2.2848,0.058,
1997-01-13,2.2848,2.2981,2.2704,2.2848,0.074,
1997-01-14,2.2848,2.2981,2.2848,2.2848,0.093,
1997-01-15,2.2848,2.2981,2.2848,2.2848,0.067,
1997-01-16,2.2981,2.3125,2.2848,2.3125,0.115,
1997-01-17,2.3125,2.3678,2.3125,2.3534,0.133,
1997-01-20,2.3534,2.3534,2.2981,2.3401,0.092,
1997-01-21,2.3257,2.3534,2.3125,2.3534,0.111,
1997-01-22,2.3534,2.3534,2.2981,2.3125,0.078,
1997-01-23,2.3257,2.3401,2.3125,2.3125,0.066,
1997-01-24,2.3125,2.3257,2.2981,2.3257,0.046,
1997-01-27,2.3125,2.3257,2.2848,2.3125,0.032,
1997-01-28,2.2981,2.3257,2.2848,2.3257,0.058,
1997-01-29,2.3125,2.3257,2.2848,2.2981,0.051,
1997-01-30,2.2848,2.3125,2.2848,2.2848,0.033,
1997-01-31,2.2848,2.3125,2.2848,2.3125,0.046,
1997-02-03,2.3125,2.3125,2.2848,2.2981,0.027,
1997-02-04,2.2848,2.3125,2.2848,2.3125,0.045,
1997-02-05,2.2981,2.3257,2.2981,2.3125,0.054,
1997-02-06,2.3125,2.3257,2.2981,2.3125,0.040,
1997-02-07,2.2981,2.3257,2.2981,2.3125,0.039,2.301
1997-02-10,2.2981,2.3125,2.2848,2.2981,0.034,2.301
1997-02-11,2.2981,2.3125,2.2848,2.2848,0.041,2.300
1997-02-12,2.2848,2.3125,2.2848,2.2981,0.046,2.300
1997-02-13,2.2848,2.3125,2.2848,2.2848,0.084,2.299
1997-02-14,2.2848,2.3125,2.2848,2.2981,0.041,2.299
1997-02-18,2.2981,2.3125,2.2848,2.2848,0.031,2.298
1997-02-19,2.2981,2.3125,2.2848,2.2848,0.048,2.298
1997-02-20,2.2848,2.3125,2.2848,2.3125,0.057,2.298
1997-02-21,2.2981,2.3257,2.2981,2.3125,0.090,2.298
1997-02-24,2.3125,2.3257,2.2981,2.3257,0.037,2.299
1997-02-25,2.2981,2.3257,2.2981,2.2981,0.056,2.299
1997-02-26,2.3125,2.3257,2.2981,2.3125,0.043,2.300
1997-02-27,2.3257,2.3257,2.2981,2.3125,0.095,2.300
1997-02-28,2.3257,2.3257,2.2981,2.3257,0.067,2.301
1997-03-03,2.3125,2.3257,2.2981,2.3257,0.046,2.301
1997-03-04,2.3257,2.3257,2.2981,2.3125,0.068,2.302
1997-03-05,2.3125,2.3257,2.2981,2.3125,0.045,2.302
1997-03-06,2.3257,2.3401,2.3125,2.3401,0.053,2.303
1997-03-07,2.3257,2.3534,2.3125,2.3401,0.057,2.304
1997-03-10,2.3401,2.3678,2.3257,2.3534,0.077,2.306
1997-03-11,2.3401,2.3678,2.3257,2.3534,0.081,2.307
1997-03-12,2.3534,2.3678,2.3257,2.3678,0.044,2.308
1997-03-13,2.3534,2.3811,2.3257,2.3257,0.071,2.309
1997-03-14,2.3401,2.3811,2.3257,2.3678,0.054,2.311
1997-03-17,2.3534,2.3534,2.3257,2.3401,0.045,2.313
1997-03-18,2.3257,2.3534,2.3257,2.3401,0.043,2.314
1997-03-19,2.3534,2.3534,2.3257,2.3401,0.040,2.315
1997-03-20,2.3534,2.3534,2.3257,2.3534,0.031,2.317
1997-03-21,2.3534,2.3678,2.3257,2.3257,0.055,2.317
1997-03-24,2.3401,2.3534,2.3401,2.3534,0.041,2.319
1997-03-25,2.3678,2.3811,2.3401,2.3678,0.076,2.320
1997-03-26,2.3534,2.3678,2.3401,2.3534,0.032,2.322
1997-03-27,2.3401,2.3534,2.3257,2.3401,0.036,2.323
1997-03-31,2.3257,2.3678,2.3257,2.3401,0.042,2.323
1997-04-01,2.3401,2.3534,2.3257,2.3257,0.046,2.323
1997-04-02,2.3534,2.3534,2.3257,2.3257,0.066,2.322
1997-04-03,2.3257,2.3534,2.3257,2.3401,0.049,2.322
1997-04-04,2.3401,2.3534,2.3257,2.3401,0.031,2.323
1997-04-07,2.3534,2.3678,2.3401,2.3534,0.049,2.324
1997-04-08,2.3678,2.3678,2.3401,2.3534,0.025,2.324
1997-04-09,2.3678,2.3678,2.3401,2.3534,0.035,2.325
1997-04-10,2.3678,2.3678,2.3401,2.3678,0.024,2.326
1997-04-11,2.3534,2.3678,2.3257,2.3257,0.049,2.326
1997-04-14,2.3257,2.3401,2.3125,2.3257,0.047,2.327
1997-04-15,2.3257,2.3401,2.3125,2.3257,0.043,2.327
1997-04-16,2.3125,2.3401,2.3125,2.3401,0.042,2.328
1997-04-17,2.3257,2.3401,2.3125,2.3257,0.030,2.329
1997-04-18,2.3257,2.3401,2.3125,2.3257,0.019,2.329
1997-04-21,2.3257,2.3401,2.3257,2.3401,0.054,2.329
1997-04-22,2.3257,2.3401,2.3257,2.3401,0.021,2.330
1997-04-23,2.3125,2.3257,2.2150,2.2294,0.122,2.329
1997-04-24,2.2150,2.2427,2.1463,2.2294,0.039,2.327
1997-04-25,2.2294,2.2294,2.1873,2.2017,0.059,2.325
1997-04-28,2.2045,2.2332,2.1759,2.2194,0.034,2.324
1997-04-29,2.1908,2.2332,2.1759,2.1908,0.053,2.322
1997-04-30,2.2194,2.2332,2.1759,2.1759,0.028,2.320
1997-05-01,2.1622,2.1759,2.1473,2.1759,0.024,2.318
1997-05-02,2.1759,2.1908,2.1335,2.1335,0.049,2.314
1997-05-05,2.1049,2.1335,2.0763,2.1186,0.046,2.310
1997-05-06,2.1473,2.1908,2.1335,2.1622,0.035,2.307
1997-05-07,2.1473,2.1622,2.1186,2.1473,0.041,2.304
1997-05-08,2.1473,2.1908,2.1335,2.1908,0.029,2.301
1997-05-09,2.1759,2.2332,2.1622,2.2332,0.023,2.300
1997-05-12,2.2332,2.2904,2.2045,2.2767,0.032,2.299
1997-05-13,2.2618,2.2767,2.2481,2.2481,0.017,2.297
1997-05-14,2.2767,2.2767,2.2481,2.2618,0.027,2.296
1997-05-15,2.2481,2.2618,2.2332,2.2618,0.022,2.295
1997-05-16,2.2618,2.2904,2.2618,2.2904,0.020,2.294
1997-05-19,2.2904,2.3191,2.2767,2.3191,0.029,2.294
1997-05-20,2.3053,2.3191,2.2904,2.2904,0.028,2.293
1997-05-21,2.2904,2.3191,2.2904,2.3191,0.046,2.292
1997-05-22,2.3191,2.3340,2.2904,2.3053,0.044,2.291
1997-05-23,2.3191,2.3477,2.3053,2.3477,0.038,2.291
1997-05-27,2.3191,2.3340,2.3053,2.3191,0.018,2.290
1997-05-28,2.2904,2.3053,2.2904,2.3053,0.016,2.290
1997-05-29,2.3191,2.3340,2.3053,2.3053,0.029,2.289
1997-05-30,2.3053,2.3191,2.2904,2.3191,0.020,2.288
1997-06-02,2.3191,2.3191,2.2904,2.3191,0.016,2.288
1997-06-03,2.2904,2.3191,2.2904,2.3191,0.031,2.288
1997-06-04,2.3340,2.3340,2.3053,2.3340,0.025,2.287
1997-06-05,2.3340,2.3340,2.3053,2.3191,0.023,2.286
1997-06-06,2.3340,2.3340,2.3053,2.3191,0.015,2.286
1997-06-09,2.3191,2.3191,2.2904,2.3053,0.017,2.285
1997-06-10,2.3191,2.3191,2.2904,2.2904,0.022,2.284
1997-06-11,2.2904,2.3053,2.2767,2.2767,0.015,2.283
1997-06-12,2.2767,2.3191,2.2767,2.2904,0.016,2.282
1997-06-13,2.2904,2.3340,2.2767,2.3053,0.010,2.281
1997-06-16,2.2904,2.2904,2.2481,2.2481,0.032,2.280
1997-06-17,2.2481,2.2767,2.2332,2.2767,0.021,2.278
1997-06-18,2.2767,2.2767,2.2481,2.2481,0.025,2.276
1997-06-19,2.2767,2.3053,2.2481,2.2904,0.024,2.275
1997-06-20,2.2904,2.3191,2.2767,2.3053,0.023,2.273
1997-06-23,2.2904,2.3191,2.2767,2.2767,0.017,2.272
1997-06-24,2.3053,2.3191,2.2904,2.3053,0.022,2.272
1997-06-25,2.3191,2.3191,2.2767,2.3191,0.030,2.272
1997-06-26,2.2767,2.2904,2.2481,2.2481,0.028,2.270
1997-06-27,2.2767,2.2767,2.2481,2.2618,0.014,2.269
1997-06-30,2.2767,2.3053,2.2618,2.2767,0.015,2.268
1997-07-01,2.2904,2.2904,2.2618,2.2767,0.016,2.267
1997-07-02,2.2618,2.2904,2.2549,2.2767,0.019,2.265
1997-07-03,2.2618,2.2904,2.2549,2.2767,0.008,2.266
1997-07-07,2.2904,2.2904,2.2481,2.2618,0.038,2.267
1997-07-08,2.2687,2.2904,2.2481,2.2836,0.051,2.269
1997-07-09,2.2618,2.2836,2.2549,2.2549,0.046,2.269
1997-07-10,2.2767,2.2767,2.2618,2.2767,0.035,2.271
1997-07-11,2.2687,2.2904,2.2549,2.2549,0.022,2.273
1997-07-14,2.2549,2.2618,2.2481,2.2481,0.047,2.274
1997-07-15,2.2836,2.3042,2.2767,2.2973,0.043,2.277
1997-07-16,2.2973,2.3191,2.2767,2.2767,0.026,2.280
1997-07-17,2.2973,2.3053,2.2904,2.2973,0.027,2.283
1997-07-18,2.3053,2.3122,2.3053,2.3122,0.015,2.286
1997-07-21,2.3122,2.3340,2.3053,2.3122,0.015,2.289
1997-07-22,2.3477,2.3477,2.3191,2.3408,0.089,2.291
1997-07-23,2.3340,2.3477,2.3340,2.3340,0.028,2.292
1997-07-24,2.3626,2.3763,2.3340,2.3477,0.021,2.294
1997-07-25,2.3477,2.3626,2.3477,2.3477,0.026,2.296
1997-07-28,2.3477,2.3626,2.3340,2.3477,0.036,2.298
1997-07-29,2.3477,2.3630,2.3336,2.3477,0.027,2.299
1997-07-30,2.3477,2.3630,2.3336,2.3477,0.055,2.299
1997-07-31,2.3336,2.3477,2.3183,2.3477,0.051,2.300
1997-08-01,2.3336,2.3477,2.3183,2.3336,0.033,2.301
1997-08-04,2.3477,2.3477,2.3183,2.3336,0.033,2.301
1997-08-05,2.3336,2.3477,2.3183,2.3477,0.028,2.301
1997-08-06,2.3477,2.3477,2.3407,2.3477,0.022,2.302
1997-08-07,2.3477,2.3477,2.3336,2.3336,0.037,2.302
1997-08-08,2.3336,2.3477,2.3254,2.3407,0.010,2.303
1997-08-11,2.3254,2.3477,2.3183,2.3477,0.014,2.304
1997-08-12,2.3477,2.3547,2.3336,2.3336,0.025,2.304
1997-08-13,2.3477,2.3547,2.3336,2.3477,0.024,2.305
1997-08-14,2.3477,2.3547,2.3477,2.3547,0.014,2.305
1997-08-15,2.3477,2.3477,2.3183,2.3407,0.035,2.305
1997-08-18,2.3183,2.3547,2.3183,2.3183,0.022,2.305
1997-08-19,2.3477,2.3477,2.3183,2.3407,0.017,2.306
1997-08-20,2.3477,2.3630,2.3336,2.3547,0.041,2.307
1997-08-21,2.3477,2.3630,2.3336,2.3477,0.018,2.309
1997-08-22,2.3336,2.3547,2.3254,2.3547,0.013,2.310
1997-08-25,2.3477,2.3630,2.3336,2.3336,0.018,2.311
1997-08-26,2.3407,2.3630,2.3336,2.3547,0.027,2.313
1997-08-27,2.3630,2.3630,2.3336,2.3477,0.019,2.314
1997-08-28,2.3630,2.3630,2.3407,2.3407,0.012,2.316
1997-08-29,2.3477,2.3547,2.3336,2.3547,0.011,2.317
1997-09-02,2.3477,2.3547,2.3183,2.3183,0.047,2.318
1997-09-03,2.3336,2.3547,2.3336,2.3547,0.031,2.319
1997-09-04,2.3547,2.3547,2.3336,2.3336,0.034,2.320
1997-09-05,2.3407,2.3547,2.3336,2.3336,0.021,2.320
1997-09-08,2.3336,2.3477,2.3254,2.3336,0.031,2.322
1997-09-09,2.3477,2.3547,2.3336,2.3407,0.031,2.323
1997-09-10,2.3477,2.3630,2.3407,2.3630,0.064,2.325
1997-09-11,2.3547,2.3700,2.3477,2.3700,0.064,2.327
1997-09-12,2.3630,2.4064,2.3477,2.3923,0.023,2.329
1997-09-15,2.3700,2.4064,2.3630,2.3993,0.025,2.332
1997-09-16,2.4064,2.4357,2.3993,2.3993,0.033,2.334
1997-09-17,2.3993,2.4216,2.3630,2.3923,0.037,2.337
1997-09-18,2.3841,2.4134,2.3770,2.4134,0.030,2.340
1997-09-19,2.4064,2.4134,2.3841,2.4064,0.022,2.342
1997-09-22,2.3923,2.3923,2.3770,2.3841,0.026,2.345
1997-09-23,2.3841,2.4064,2.3700,2.3770,0.027,2.348
1997-09-24,2.3841,2.3923,2.3630,2.3630,0.016,2.349
1997-09-25,2.3630,2.3923,2.3630,2.3923,0.026,2.351
1997-09-26,2.3700,2.3993,2.3630,2.3770,0.015,2.353
1997-09-29,2.3770,2.4064,2.3630,2.3923,0.023,2.354
1997-09-30,2.3923,2.4064,2.3841,2.3993,0.013,2.356
1997-10-01,2.4064,2.4216,2.4064,2.4064,0.031,2.357
1997-10-02,2.3993,2.4064,2.3923,2.4064,0.018,2.359
1997-10-03,2.4357,2.4357,2.3700,2.3770,0.039,2.359
1997-10-06,2.4134,2.4357,2.3841,2.4064,0.028,2.361
1997-10-07,2.4134,2.4357,2.4134,2.4134,0.029,2.362
1997-10-08,2.4134,2.4357,2.4064,2.4134,0.028,2.363
1997-10-09,2.4064,2.4428,2.3993,2.4287,0.011,2.365
1997-10-10,2.4216,2.4287,2.4064,2.4216,0.015,2.366
1997-10-13,2.4357,2.4651,2.4216,2.4510,0.028,2.369
1997-10-14,2.4510,2.4651,2.4357,2.4428,0.022,2.371
1997-10-15,2.4428,2.4651,2.4357,2.4580,0.018,2.373
1997-10-16,2.4428,2.4580,2.4064,2.4216,0.037,2.375
1997-10-17,2.4357,2.4580,2.4287,2.4357,0.019,2.377
1997-10-20,2.4357,2.4580,2.4216,2.4428,0.034,2.379
1997-10-21,2.4651,2.4803,2.4510,2.4651,0.042,2.381
1997-10-22,2.4803,2.4944,2.4721,2.4721,0.038,2.384
1997-10-23,2.4721,2.4874,2.4651,2.4803,0.060,2.386
1997-10-24,2.4874,2.4944,2.4803,2.4874,0.027,2.389
1997-10-27,2.4721,2.4874,2.4064,2.4064,0.083,2.390
1997-10-28,2.3700,2.4510,2.3630,2.4428,0.054,2.393
1997-10-29,2.4357,2.4357,2.3912,2.4357,0.093,2.395
1997-10-30,2.4213,2.4959,2.4213,2.4514,0.044,2.397
1997-10-31,2.4658,2.5115,2.4514,2.4959,0.038,2.400
1997-11-03,2.4887,2.5115,2.4814,2.4814,0.043,2.402
1997-11-04,2.4959,2.4959,2.4814,2.4814,0.019,2.405
1997-11-05,2.4959,2.4959,2.4658,2.4814,0.017,2.408
1997-11-06,2.4658,2.4814,2.4514,2.4586,0.015,2.410
1997-11-07,2.4514,2.4887,2.4514,2.4514,0.019,2.412
1997-11-10,2.4514,2.4814,2.4514,2.4730,0.014,2.415
1997-11-11,2.4586,2.4814,2.4514,2.4658,0.011,2.417
1997-11-12,2.4514,2.4586,2.4357,2.4429,0.024,2.419
1997-11-13,2.4357,2.4514,2.3756,2.3756,0.047,2.420
1997-11-14,2.4057,2.4057,2.3756,2.3756,0.016,2.421
1997-11-17,2.4357,2.4429,2.4213,2.4285,0.019,2.423
1997-11-18,2.4057,2.4213,2.3756,2.4057,0.044,2.424
1997-11-19,2.4213,2.4285,2.4057,2.4213,0.019,2.425
1997-11-20,2.4213,2.4213,2.3912,2.4057,0.017,2.426
1997-11-21,2.3984,2.4129,2.3912,2.4057,0.019,2.426
1997-11-24,2.3984,2.4057,2.3756,2.3984,0.020,2.426
1997-11-25,2.3984,2.3984,2.3612,2.3756,0.020,2.426
1997-11-26,2.3756,2.3984,2.3756,2.3984,0.013,2.426
1997-11-28,2.3984,2.3984,2.3912,2.3984,0.002,2.426
1997-12-01,2.3828,2.3984,2.3684,2.3912,0.017,2.425
1997-12-02,2.3684,2.3912,2.3684,2.3828,0.011,2.425
1997-12-03,2.3828,2.3984,2.3756,2.3756,0.011,2.425
1997-12-04,2.3756,2.3828,2.3684,2.3684,0.014,2.425
1997-12-05,2.3684,2.3756,2.3527,2.3527,0.018,2.425
1997-12-08,2.3684,2.3828,2.3455,2.3455,0.015,2.424
1997-12-09,2.3527,2.3527,2.3154,2.3311,0.022,2.423
1997-12-10,2.3154,2.3154,2.1350,2.1579,0.048,2.418
1997-12-11,2.1579,2.1579,2.0749,2.0905,0.068,2.412
1997-12-12,2.0905,2.1579,2.0448,2.1422,0.066,2.406
1997-12-15,2.1651,2.2108,2.1050,2.1050,0.051,2.401
1997-12-16,2.1050,2.1422,2.0448,2.1350,0.065,2.395
1997-12-17,2.1350,2.1723,2.0749,2.1422,0.046,2.390
1997-12-18,2.1350,2.1952,2.1350,2.1579,0.047,2.385
1997-12-19,2.1579,2.1723,2.0905,2.0977,0.057,2.378
1997-12-22,2.1206,2.1723,2.0905,2.1206,0.075,2.372
1997-12-23,2.1507,2.1807,2.0520,2.0677,0.062,2.365
1997-12-24,2.0905,2.1507,2.0749,2.1122,0.020,2.358
1997-12-26,2.1122,2.1350,2.0821,2.0977,0.024,2.351
1997-12-29,2.1050,2.1278,2.0905,2.1122,0.039,2.345
1997-12-30,2.0977,2.1050,1.9775,2.0220,0.089,2.336
1997-12-31,2.0220,2.0304,1.9702,1.9702,0.124,2.327
1998-01-02,2.0003,2.1350,2.0003,2.1350,0.031,2.320
1998-01-05,2.1507,2.1723,2.1422,2.1651,0.023,2.314
1998-01-06,2.1723,2.3010,2.1651,2.2709,0.035,2.310
1998-01-07,2.2553,2.3010,2.2252,2.2709,0.045,2.306
1998-01-08,2.2854,2.3010,2.2252,2.2325,0.026,2.302
1998-01-09,2.2108,2.2782,2.2108,2.2709,0.019,2.299
1998-01-12,2.2409,2.2709,2.2252,2.2709,0.025,2.295
1998-01-13,2.2709,2.3010,2.1952,2.2409,0.066,2.291
1998-01-14,2.2553,2.2854,2.2481,2.2553,0.020,2.286
1998-01-15,2.2553,2.3010,2.2409,2.2854,0.021,2.282
1998-01-16,2.3154,2.3154,2.2709,2.2854,0.026,2.278
1998-01-20,2.2854,2.3612,2.2854,2.3455,0.032,2.276
1998-01-21,2.3684,2.3756,2.3311,2.3383,0.021,2.273
1998-01-22,2.3455,2.3756,2.3311,2.3612,0.029,2.272
1998-01-23,2.3527,2.3684,2.3383,2.3612,0.032,2.269
1998-01-26,2.3612,2.3912,2.3612,2.3912,0.025,2.268
1998-01-27,2.3912,2.3984,2.3311,2.3612,0.026,2.266
1998-01-28,2.3614,2.4070,2.3453,2.3527,0.037,2.266
1998-01-29,2.3688,2.3922,2.3527,2.3922,0.035,2.266
1998-01-30,2.3922,2.4688,2.3762,2.4614,0.021,2.267
1998-02-02,2.4379,2.4540,2.4070,2.4231,0.023,2.267
1998-02-03,2.4540,2.4540,2.4231,2.4379,0.026,2.267
1998-02-04,2.4540,2.4614,2.4379,2.4379,0.011,2.268
1998-02-05,2.4540,2.4688,2.4379,2.4379,0.018,2.269
1998-02-06,2.4305,2.4379,2.4231,2.4305,0.012,2.269
1998-02-09,2.4305,2.4305,2.3922,2.3922,0.018,2.270
1998-02-10,2.4070,2.4231,2.3614,2.3762,0.023,2.269
1998-02-11,2.3922,2.4231,2.3836,2.4231,0.014,2.270
1998-02-12,2.4070,2.4453,2.4070,2.4453,0.018,2.271
1998-02-13,2.4540,2.4688,2.4305,2.4614,0.025,2.272
1998-02-17,2.4762,2.4996,2.4688,2.4688,0.027,2.274
1998-02-18,2.4688,2.4996,2.4540,2.4996,0.014,2.277
1998-02-19,2.4996,2.5157,2.4848,2.4848,0.016,2.279
1998-02-20,2.5157,2.5157,2.4848,2.5070,0.024,2.283
1998-02-23,2.5070,2.5157,2.4614,2.4614,0.016,2.285
1998-02-24,2.4305,2.4305,2.3614,2.3836,0.075,2.290
1998-02-25,2.3996,2.4070,2.3453,2.3836,0.036,2.296
1998-02-26,2.3762,2.3836,2.3453,2.3688,0.016,2.300
1998-02-27,2.3614,2.3762,2.3453,2.3614,0.030,2.305
1998-03-02,2.3453,2.4070,2.3453,2.3688,0.026,2.310
1998-03-03,2.3688,2.3996,2.3614,2.3922,0.018,2.315
1998-03-04,2.3688,2.3836,2.3614,2.3762,0.012,2.319
1998-03-05,2.3836,2.3836,2.3614,2.3614,0.010,2.325
1998-03-06,2.3614,2.3614,2.3219,2.3614,0.009,2.329
1998-03-09,2.3527,2.3527,2.3145,2.3379,0.017,2.335
1998-03-10,2.3379,2.3379,2.2836,2.2836,0.011,2.338
1998-03-11,2.2997,2.3219,2.1762,2.2071,0.036,2.341
1998-03-12,2.1836,2.2379,2.1676,2.2379,0.019,2.343
1998-03-13,2.2688,2.2836,2.2379,2.2379,0.016,2.347
1998-03-16,2.2293,2.2528,2.2219,2.2379,0.012,2.353
1998-03-17,2.2219,2.2379,2.2071,2.2219,0.022,2.354
1998-03-18,2.2219,2.2528,2.1762,2.2219,0.026,2.356
1998-03-19,2.2379,2.2528,2.2219,2.2219,0.012,2.355
1998-03-20,2.2379,2.2602,2.2219,2.2219,0.027,2.354
1998-03-23,2.2528,2.2528,2.1984,2.1984,0.021,2.353
1998-03-24,2.2379,2.2528,2.2219,2.2453,0.015,2.352
1998-03-25,2.2453,2.2997,2.2379,2.2997,0.018,2.353
1998-03-26,2.2997,2.3305,2.2997,2.3219,0.015,2.355
1998-03-27,2.2997,2.3379,2.2997,2.3219,0.005,2.356
1998-03-30,2.3071,2.3762,2.3071,2.3145,0.018,2.357
1998-03-31,2.3453,2.3614,2.3305,2.3453,0.016,2.358
1998-04-01,2.3614,2.3614,2.3219,2.3219,0.009,2.357
1998-04-02,2.3071,2.3527,2.2997,2.3527,0.013,2.358
1998-04-03,2.3453,2.3527,2.3219,2.3305,0.015,2.357
1998-04-06,2.3305,2.3614,2.3145,2.3145,0.011,2.356
1998-04-07,2.3071,2.3219,2.2836,2.2997,0.017,2.354
1998-04-08,2.2997,2.3145,2.2910,2.3145,0.011,2.353
1998-04-09,2.2997,2.3453,2.2910,2.3453,0.013,2.353
1998-04-13,2.3305,2.3614,2.3071,2.3145,0.020,2.352
1998-04-14,2.3071,2.3527,2.3071,2.3453,0.012,2.349
1998-04-15,2.3614,2.3762,2.3527,2.3688,0.021,2.348
1998-04-16,2.3688,2.4070,2.3688,2.3996,0.037,2.347
1998-04-17,2.4070,2.4231,2.3996,2.3996,0.024,2.347
1998-04-20,2.3996,2.4379,2.3996,2.4231,0.019,2.346
1998-04-21,2.4305,2.4305,2.3996,2.3996,0.014,2.346
1998-04-22,2.3996,2.4540,2.3996,2.4231,0.029,2.346
1998-04-23,2.4379,2.4379,2.4070,2.4070,0.019,2.347
1998-04-24,2.3922,2.3922,2.3688,2.3762,0.039,2.346
1998-04-27,2.3996,2.4379,2.3453,2.4379,0.044,2.346
1998-04-28,2.4550,2.4550,2.3917,2.4145,0.026,2.345
1998-04-29,2.4069,2.4233,2.3828,2.3917,0.016,2.343
1998-04-30,2.3828,2.4145,2.3435,2.3676,0.010,2.341
1998-05-01,2.3752,2.3752,2.2966,2.3283,0.018,2.338
1998-05-04,2.3435,2.3600,2.3042,2.3042,0.015,2.334
1998-05-05,2.3118,2.3194,2.2802,2.2878,0.008,2.330
1998-05-06,2.2966,2.2966,2.2561,2.2561,0.011,2.327
1998-05-07,2.2726,2.2726,2.2409,2.2409,0.012,2.325
1998-05-08,2.2485,2.2966,2.2333,2.2966,0.025,2.323
1998-05-11,2.2802,2.3118,2.2802,2.2966,0.006,2.322
1998-05-12,2.2966,2.3118,2.2802,2.2802,0.005,2.320
1998-05-13,2.2802,2.2966,2.2650,2.2726,0.011,2.318
1998-05-14,2.2802,2.2802,2.2485,2.2485,0.010,2.315
1998-05-15,2.2650,2.2650,2.2333,2.2485,0.008,2.313
1998-05-18,2.2726,2.2802,2.2485,2.2561,0.014,2.311
1998-05-19,2.2726,2.2726,2.2409,2.2409,0.014,2.309
1998-05-20,2.2320,2.2650,2.2168,2.2320,0.008,2.308
1998-05-21,2.2485,2.2485,2.1852,2.2016,0.017,2.308
1998-05-22,2.2016,2.2168,2.2016,2.2168,0.009,2.307
1998-05-26,2.2244,2.2244,2.2016,2.2016,0.012,2.307
1998-05-27,2.2168,2.2244,2.2016,2.2016,0.014,2.306
1998-05-28,2.2016,2.2485,2.2016,2.2168,0.018,2.306
1998-05-29,2.2168,2.2244,2.2016,2.2016,0.009,2.305
1998-06-01,2.2168,2.2333,2.2016,2.2168,0.007,2.305
1998-06-02,2.2168,2.2333,2.1852,2.2016,0.017,2.305
1998-06-03,2.2016,2.2333,2.2016,2.2092,0.016,2.305
1998-06-04,2.2016,2.2333,2.2016,2.2092,0.006,2.304
1998-06-05,2.2168,2.2485,2.2092,2.2333,0.010,2.303
1998-06-08,2.2485,2.2561,2.2168,2.2244,0.011,2.301
1998-06-09,2.2244,2.2485,2.2168,2.2333,0.008,2.299
1998-06-10,2.2244,2.2485,2.2168,2.2485,0.006,2.298
1998-06-11,2.2333,2.2485,2.2168,2.2168,0.012,2.295
1998-06-12,2.2409,2.2409,2.1852,2.2016,0.022,2.293
1998-06-15,2.2016,2.2333,2.1928,2.2092,0.012,2.290
1998-06-16,2.1928,2.2168,2.1852,2.2016,0.013,2.288
1998-06-17,2.1928,2.2244,2.1928,2.2016,0.024,2.285
1998-06-18,2.2016,2.2244,2.2016,2.2244,0.003,2.284
1998-06-19,2.2168,2.2333,2.1928,2.2016,0.005,2.282
1998-06-22,2.2333,2.2333,2.1852,2.2016,0.013,2.279
1998-06-23,2.2092,2.2244,2.1928,2.1928,0.030,2.276
1998-06-24,2.1928,2.2016,2.1852,2.1928,0.015,2.273
1998-06-25,2.1928,2.2016,2.1928,2.2016,0.002,2.270
1998-06-26,2.2016,2.2333,2.1928,2.2333,0.012,2.266
1998-06-29,2.2333,2.2409,2.2016,2.2244,0.010,2.263
1998-06-30,2.2333,2.2409,2.2168,2.2168,0.027,2.259
1998-07-01,2.2168,2.2333,2.2168,2.2244,0.006,2.255
1998-07-02,2.2244,2.2409,2.2244,2.2333,0.004,2.252
1998-07-06,2.2409,2.2802,2.2409,2.2485,0.013,2.248
1998-07-07,2.2485,2.2650,2.2244,2.2409,0.012,2.246
1998-07-08,2.2561,2.2650,2.2409,2.2485,0.006,2.242
1998-07-09,2.2333,2.2650,2.2333,2.2409,0.010,2.238
1998-07-10,2.2485,2.2485,2.2244,2.2333,0.006,2.235
1998-07-13,2.2244,2.2650,2.2168,2.2168,0.011,2.232
1998-07-14,2.2168,2.2409,2.2168,2.2168,0.009,2.230
1998-07-15,2.2092,2.2333,2.2092,2.2168,0.010,2.228
1998-07-16,2.2168,2.2409,2.2168,2.2409,0.002,2.227
1998-07-17,2.2244,2.2409,2.2168,2.2244,0.010,2.227
1998-07-20,2.2333,2.2409,2.2168,2.2333,0.011,2.227
1998-07-21,2.2244,2.2485,2.2168,2.2409,0.013,2.225
1998-07-22,2.2409,2.2485,2.2168,2.2409,0.015,2.224
1998-07-23,2.2244,2.2409,2.2168,2.2168,0.012,2.223
1998-07-24,2.2168,2.2333,2.2168,2.2244,0.009,2.222
1998-07-27,2.2168,2.2650,2.2168,2.2650,0.022,2.222
1998-07-28,2.2650,2.2726,2.2409,2.2561,0.043,2.223
1998-07-29,2.2418,2.2497,2.2092,2.2092,0.046,2.222
1998-07-30,2.2092,2.2092,2.1271,2.1688,0.033,2.220
1998-07-31,2.1688,2.1766,2.1271,2.1440,0.013,2.218
1998-08-03,2.1362,2.1519,2.0866,2.1036,0.038,2.216
1998-08-04,2.1114,2.1114,2.0540,2.0540,0.014,2.213
1998-08-05,2.0540,2.0540,1.9810,1.9810,0.030,2.209
1998-08-06,1.9562,1.9732,1.8832,1.9158,0.028,2.203
1998-08-07,1.9158,1.9236,1.9080,1.9236,0.015,2.197
1998-08-10,1.9406,2.0058,1.9406,1.9484,0.072,2.192
1998-08-11,1.9080,1.9328,1.9002,1.9080,0.026,2.186
1998-08-12,1.9484,1.9732,1.9406,1.9484,0.026,2.181
1998-08-13,2.0384,2.0866,2.0384,2.0710,0.016,2.178
1998-08-14,2.0788,2.0866,2.0540,2.0540,0.008,2.175
1998-08-17,2.0866,2.1114,2.0710,2.0710,0.015,2.172
1998-08-18,2.0866,2.0945,2.0788,2.0866,0.008,2.169
1998-08-19,2.0710,2.0788,2.0384,2.0384,0.007,2.165
1998-08-20,2.0619,2.0710,2.0384,2.0384,0.013,2.161
1998-08-21,2.0136,2.0136,1.9888,1.9888,0.009,2.156
1998-08-24,1.9888,2.0058,1.9562,1.9562,0.022,2.151
1998-08-25,1.9562,1.9732,1.9406,1.9562,0.012,2.146
1998-08-26,1.9484,1.9484,1.9080,1.9406,0.023,2.141
1998-08-27,1.9315,1.9315,1.7932,1.8258,0.024,2.134
1998-08-28,1.8428,1.8428,1.7854,1.8258,0.017,2.126
1998-08-31,1.8428,1.8754,1.7932,1.7932,0.017,2.118
1998-09-01,1.8102,1.8506,1.8010,1.8102,0.031,2.110
1998-09-02,1.8258,1.8584,1.8258,1.8506,0.013,2.103
1998-09-03,1.8506,1.8506,1.8258,1.8428,0.009,2.096
1998-09-04,1.8428,1.8506,1.8258,1.8506,0.022,2.089
1998-09-08,1.8428,1.9080,1.8428,1.9080,0.018,2.082
1998-09-09,1.8989,1.9236,1.8989,1.8989,0.025,2.076
1998-09-10,1.8832,1.9236,1.8832,1.9080,0.019,2.070
1998-09-11,1.9158,1.9315,1.9080,1.9158,0.012,2.063
1998-09-14,1.9236,1.9406,1.9236,1.9236,0.017,2.057
1998-09-15,1.9236,1.9236,1.9080,1.9158,0.014,2.051
1998-09-16,1.9158,1.9315,1.9080,1.9236,0.009,2.044
1998-09-17,1.9158,1.9236,1.9080,1.9080,0.015,2.037
1998-09-18,1.8989,1.8989,1.8754,1.8910,0.013,2.030
1998-09-21,1.8910,1.8989,1.8428,1.8584,0.023,2.023
1998-09-22,1.8428,1.8506,1.8258,1.8258,0.015,2.015
1998-09-23,1.8258,1.9080,1.8258,1.9080,0.025,2.009
1998-09-24,1.8989,1.9406,1.8989,1.9080,0.022,2.003
1998-09-25,1.9080,1.9562,1.9080,1.9562,0.011,1.997
1998-09-28,1.9158,1.9732,1.9158,1.9562,0.021,1.992
1998-09-29,1.9406,1.9888,1.9406,1.9888,0.011,1.987
1998-09-30,1.9810,2.0058,1.9810,2.0058,0.004,1.982
1998-10-01,2.0058,2.0214,1.9732,1.9732,0.013,1.977
1998-10-02,1.9888,2.1845,1.9888,2.1271,0.053,1.975
1998-10-05,2.1440,2.1845,2.1362,2.1845,0.015,1.974
1998-10-06,2.1923,2.2823,2.1923,2.2340,0.019,1.974
1998-10-07,2.2666,2.2666,2.2171,2.2418,0.075,1.973
1998-10-08,2.2249,2.2249,2.1362,2.1519,0.030,1.972
1998-10-09,2.1845,2.2171,2.1688,2.2092,0.019,1.973
1998-10-12,2.2014,2.2823,2.1923,2.2497,0.017,1.975
1998-10-13,2.2340,2.2340,2.1845,2.1845,0.018,1.977
1998-10-14,2.1845,2.3644,2.1688,2.3475,0.043,1.983
1998-10-15,2.3475,2.4948,2.2992,2.4531,0.092,1.992
1998-10-16,2.4531,2.4701,2.3970,2.4127,0.020,2.002
1998-10-19,2.4127,2.4127,2.3801,2.4049,0.011,2.012
1998-10-20,2.4205,2.4296,2.4127,2.4296,0.020,2.021
1998-10-21,2.4127,2.4453,2.3801,2.3970,0.007,2.031
1998-10-22,2.3970,2.3970,2.3553,2.3879,0.008,2.040
1998-10-23,2.3879,2.4296,2.3879,2.4049,0.017,2.046
1998-10-26,2.3879,2.4622,2.3879,2.4205,0.020,2.054
1998-10-27,2.4453,2.4622,2.3723,2.4127,0.023,2.061
1998-10-28,2.3997,2.3997,2.3071,2.3071,0.031,2.065
1998-10-29,2.3822,2.3822,2.3487,2.3742,0.029,2.072
1998-10-30,2.3661,2.4077,2.3487,2.3822,0.011,2.079
1998-11-02,2.3903,2.4158,2.3822,2.3997,0.016,2.087
1998-11-03,2.4158,2.4158,2.3997,2.4077,0.006,2.096
1998-11-04,2.3997,2.4077,2.3822,2.3997,0.012,2.105
1998-11-05,2.3997,2.4158,2.3822,2.3822,0.013,2.114
1998-11-06,2.3997,2.4413,2.3903,2.4077,0.023,2.125
1998-11-09,2.4077,2.4829,2.4077,2.4829,0.025,2.138
1998-11-10,2.4668,2.4668,2.3997,2.4077,0.018,2.151
1998-11-11,2.4077,2.4158,2.3997,2.3997,0.003,2.162
1998-11-12,2.4158,2.4158,2.3661,2.3742,0.011,2.173
1998-11-13,2.3661,2.3661,2.3326,2.3487,0.006,2.183
1998-11-16,2.3822,2.3822,2.2816,2.2816,0.025,2.192
1998-11-17,2.2816,2.3151,2.2735,2.2735,0.016,2.199
1998-11-18,2.2735,2.2816,2.2654,2.2654,0.011,2.206
1998-11-19,2.2735,2.2990,2.2654,2.2654,0.020,2.213
1998-11-20,2.2654,2.2816,2.2654,2.2654,0.007,2.220
1998-11-23,2.2654,2.3151,2.2225,2.3151,0.024,2.228
1998-11-24,2.3151,2.3567,2.3151,2.3326,0.024,2.237
1998-11-25,2.3487,2.3822,2.3326,2.3822,0.019,2.246
1998-11-27,2.3822,2.4158,2.3822,2.4158,0.002,2.256
1998-11-30,2.3903,2.4413,2.3903,2.3997,0.033,2.266
1998-12-01,2.3822,2.3997,2.3406,2.3406,0.023,2.276
1998-12-02,2.3406,2.3406,2.2990,2.3151,0.014,2.286
1998-12-03,2.3071,2.3326,2.2319,2.2319,0.009,2.292
1998-12-04,2.2654,2.2654,2.2225,2.2319,0.011,2.298
1998-12-07,2.2480,2.2735,2.2225,2.2735,0.015,2.305
1998-12-08,2.2816,2.2816,2.2319,2.2561,0.008,2.311
1998-12-09,2.2319,2.2319,2.1728,2.2064,0.034,2.315
1998-12-10,2.1983,2.2480,2.1983,2.2225,0.012,2.320
1998-12-11,2.2144,2.2144,2.1889,2.1983,0.018,2.324
1998-12-14,2.1809,2.1809,2.0467,2.0641,0.040,2.323
1998-12-15,2.0386,2.0641,1.9460,1.9796,0.030,2.319
1998-12-16,1.9460,2.0131,1.9380,1.9635,0.048,2.313
1998-12-17,1.9715,1.9796,1.8789,1.8870,0.026,2.306
1998-12-18,1.8789,1.9044,1.8628,1.9044,0.029,2.301
1998-12-21,1.8870,1.8964,1.8454,1.8789,0.037,2.295
1998-12-22,1.8789,1.9460,1.8534,1.9460,0.031,2.289
1998-12-23,1.9380,1.9380,1.8789,1.8964,0.040,2.283
1998-12-24,1.9044,1.9299,1.8293,1.9299,0.034,2.274
1998-12-28,1.9205,1.9460,1.9044,1.9380,0.034,2.264
1998-12-29,1.9044,1.9125,1.8293,1.9125,0.060,2.254
1998-12-30,1.8964,1.9125,1.8709,1.9044,0.044,2.244
1998-12-31,1.9044,1.9380,1.8628,1.9380,0.039,2.234
1999-01-04,1.9460,2.0051,1.9460,2.0051,0.019,2.226
1999-01-05,1.9970,2.0547,1.9876,2.0547,0.015,2.220
1999-01-06,2.0467,2.0802,2.0467,2.0722,0.021,2.213
1999-01-07,2.0883,2.0883,2.0641,2.0883,0.005,2.206
1999-01-08,2.0883,2.1473,2.0883,2.1393,0.015,2.201
1999-01-11,2.1473,2.1648,2.1312,2.1554,0.012,2.198
1999-01-12,2.1554,2.1889,2.1554,2.1809,0.012,2.194
1999-01-13,2.1728,2.1809,2.1554,2.1648,0.005,2.190
1999-01-14,2.1728,2.1728,2.1554,2.1648,0.003,2.185
1999-01-15,2.1648,2.1648,2.1138,2.1554,0.034,2.180
1999-01-19,2.1473,2.1648,2.1473,2.1473,0.023,2.175
1999-01-20,2.1728,2.1809,2.1648,2.1728,0.014,2.171
1999-01-21,2.1809,2.1889,2.1648,2.1889,0.008,2.166
1999-01-22,2.1889,2.1889,2.1473,2.1889,0.014,2.160
1999-01-25,2.1809,2.1809,2.1393,2.1473,0.026,2.155
1999-01-26,2.1728,2.1728,2.0977,2.1312,0.047,2.150
1999-01-27,2.1149,2.1149,2.0636,2.0802,0.014,2.144
1999-01-28,2.0802,2.0983,2.0456,2.0456,0.019,2.138
1999-01-29,2.0636,2.0719,2.0289,2.0289,0.012,2.133
1999-02-01,2.0372,2.0372,2.0109,2.0192,0.012,2.128
1999-02-02,2.0026,2.0026,1.9596,1.9679,0.007,2.122
1999-02-03,1.9845,1.9845,1.9249,1.9499,0.023,2.116
1999-02-04,1.9416,1.9762,1.9249,1.9249,0.031,2.109
1999-02-05,1.9332,1.9762,1.9249,1.9762,0.012,2.102
1999-02-08,1.9943,2.0026,1.9762,1.9943,0.006,2.095
1999-02-09,1.9762,2.0192,1.9762,1.9845,0.013,2.087
1999-02-10,1.9943,2.0456,1.9596,1.9596,0.031,2.078
1999-02-11,1.9596,2.0026,1.9596,1.9762,0.014,2.070
1999-02-12,1.9943,2.0109,1.9596,1.9845,0.008,2.063
1999-02-16,2.0192,2.0372,1.9845,2.0372,0.024,2.057
1999-02-17,2.0289,2.0456,1.9762,1.9762,0.012,2.052
1999-02-18,1.9762,1.9762,1.9416,1.9679,0.007,2.047
1999-02-19,1.9679,1.9762,1.9596,1.9679,0.005,2.040
1999-02-22,1.9762,1.9762,1.9416,1.9416,0.017,2.034
1999-02-23,1.9416,1.9596,1.9069,1.9416,0.014,2.029
1999-02-24,1.9596,1.9762,1.9069,1.9069,0.010,2.023
1999-02-25,1.9069,1.9596,1.8902,1.9249,0.025,2.017
1999-02-26,1.9152,1.9332,1.9069,1.9069,0.008,2.014
1999-03-01,1.8986,1.8986,1.8722,1.8722,0.013,2.012
1999-03-02,1.8902,1.9332,1.8902,1.9069,0.012,2.011
1999-03-03,1.8986,1.9069,1.8986,1.9069,0.005,2.011
1999-03-04,1.9069,1.9069,1.8375,1.8902,0.024,2.011
1999-03-05,1.9069,1.9332,1.9069,1.9249,0.013,2.012
1999-03-08,1.9249,1.9332,1.9069,1.9332,0.016,2.011
1999-03-09,1.9416,2.0026,1.9332,2.0026,0.011,2.014
1999-03-10,2.0109,2.0289,1.9943,2.0289,0.008,2.016
1999-03-11,2.0192,2.0539,2.0192,2.0372,0.014,2.018
1999-03-12,2.0372,2.1149,2.0372,2.1066,0.018,2.021
1999-03-15,2.1329,2.1329,2.0719,2.0983,0.022,2.025
1999-03-16,2.0983,2.1232,2.0802,2.0802,0.008,2.028
1999-03-17,2.0719,2.0719,2.0109,2.0109,0.011,2.028
1999-03-18,2.0289,2.0456,2.0289,2.0289,0.009,2.028
1999-03-19,2.0289,2.0372,2.0192,2.0372,0.018,2.027
1999-03-22,2.0372,2.0456,2.0372,2.0456,0.004,2.026
1999-03-23,2.0636,2.0636,2.0289,2.0539,0.015,2.025
1999-03-24,2.0456,2.0456,2.0289,2.0289,0.006,2.022
1999-03-25,2.0289,2.0719,2.0289,2.0539,0.009,2.019
1999-03-26,2.0456,2.0636,2.0372,2.0636,0.007,2.017
1999-03-29,2.0456,2.0802,2.0372,2.0636,0.016,2.015
1999-03-30,2.0719,2.0802,2.0636,2.0802,0.018,2.014
1999-03-31,2.0719,2.0983,2.0636,2.0802,0.010,2.013
1999-04-01,2.0983,2.0983,2.0636,2.0802,0.005,2.011
1999-04-05,2.0719,2.0802,2.0289,2.0289,0.012,2.007
1999-04-06,2.0372,2.0636,2.0289,2.0636,0.008,2.005
1999-04-07,2.0456,2.0456,2.0109,2.0109,0.008,2.002
1999-04-08,2.0109,2.0289,1.9845,1.9845,0.008,1.999
1999-04-09,1.9845,1.9943,1.9416,1.9596,0.012,1.997
1999-04-12,1.9416,1.9762,1.9332,1.9416,0.016,1.995
1999-04-13,1.9416,1.9762,1.9332,1.9762,0.017,1.994
1999-04-14,1.9943,1.9943,1.9416,1.9499,0.020,1.992
1999-04-15,1.9499,2.0109,1.9499,2.0109,0.009,1.993
1999-04-16,2.0109,2.0192,1.9943,2.0192,0.009,1.995
1999-04-19,2.0192,2.0802,1.9943,2.0636,0.039,1.997
1999-04-20,2.0802,2.0802,2.0456,2.0539,0.008,1.999
1999-04-21,2.0719,2.0802,2.0456,2.0802,0.014,2.001
1999-04-22,2.0802,2.0886,2.0719,2.0886,0.015,2.003
1999-04-23,2.0886,2.0983,2.0636,2.0886,0.016,2.005
1999-04-26,2.1066,2.1066,2.0886,2.1066,0.028,2.008
1999-04-27,2.0983,2.1149,2.0456,2.0636,0.057,2.010
1999-04-28,2.0627,2.0886,2.0441,2.0886,0.008,2.011
1999-04-29,2.0800,2.0986,2.0527,2.0527,0.015,2.012
1999-04-30,2.0527,2.0800,2.0441,2.0627,0.014,2.014
1999-05-03,2.0627,2.0713,2.0627,2.0627,0.015,2.016
1999-05-04,2.0441,2.0800,2.0441,2.0713,0.006,2.018
1999-05-05,2.0713,2.0800,2.0627,2.0627,0.012,2.021
1999-05-06,2.0527,2.0886,2.0269,2.0627,0.018,2.024
1999-05-07,2.0800,2.0886,2.0355,2.0441,0.028,2.026
1999-05-10,2.0627,2.0713,2.0441,2.0627,0.020,2.030
1999-05-11,2.0627,2.0800,2.0527,2.0713,0.014,2.033
1999-05-12,2.0713,2.0713,2.0527,2.0527,0.011,2.036
1999-05-13,2.0627,2.0713,2.0269,2.0627,0.021,2.040
1999-05-14,2.0627,2.0627,2.0269,2.0441,0.008,2.043
1999-05-17,2.0800,2.0800,2.0269,2.0355,0.023,2.045
1999-05-18,2.0355,2.0355,2.0082,2.0355,0.020,2.047
1999-05-19,2.0441,2.0441,2.0168,2.0168,0.015,2.047
1999-05-20,2.0269,2.0355,2.0082,2.0168,0.010,2.047
1999-05-21,2.0168,2.0269,2.0168,2.0168,0.007,2.047
1999-05-24,2.0082,2.0441,2.0082,2.0355,0.023,2.045
1999-05-25,2.0355,2.0713,2.0269,2.0713,0.017,2.045
1999-05-26,2.0713,2.0713,2.0441,2.0441,0.012,2.044
1999-05-27,2.0527,2.0713,2.0441,2.0713,0.013,2.045
1999-05-28,2.0627,2.0713,2.0269,2.0269,0.031,2.045
1999-06-01,2.0082,2.0269,2.0082,2.0082,0.052,2.044
1999-06-02,2.0269,2.0269,2.0082,2.0168,0.021,2.044
1999-06-03,2.0269,2.0355,2.0082,2.0168,0.009,2.043
1999-06-04,2.0168,2.0269,2.0082,2.0168,0.006,2.043
1999-06-07,2.0168,2.0269,2.0168,2.0168,0.006,2.042
1999-06-08,2.0355,2.0441,2.0168,2.0269,0.005,2.041
1999-06-09,2.0441,2.0441,1.9910,1.9910,0.029,2.040
1999-06-10,1.9910,2.0082,1.9910,2.0082,0.008,2.038
1999-06-11,2.0082,2.0082,1.9910,1.9910,0.018,2.037
1999-06-14,1.9724,2.0168,1.9724,1.9996,0.017,2.035
1999-06-15,2.0082,2.0082,1.9810,1.9996,0.006,2.034
1999-06-16,1.9910,2.0168,1.9910,2.0082,0.014,2.033
1999-06-17,2.0082,2.0168,1.9996,2.0082,0.007,2.033
1999-06-18,2.0168,2.0168,1.9910,1.9910,0.014,2.033
1999-06-21,1.9910,2.0269,1.9910,2.0082,0.009,2.034
1999-06-22,2.0082,2.0269,1.9910,1.9996,0.018,2.036
1999-06-23,2.0082,2.0269,1.9996,2.0082,0.022,2.036
1999-06-24,2.0269,2.0527,2.0082,2.0527,0.014,2.038
1999-06-25,2.0527,2.0713,2.0441,2.0713,0.015,2.039
1999-06-28,2.0800,2.0886,2.0800,2.0886,0.004,2.041
1999-06-29,2.0800,2.0886,2.0800,2.0800,0.007,2.041
1999-06-30,2.0986,2.1345,2.0886,2.1345,0.017,2.043
1999-07-01,2.1244,2.1517,2.0082,2.1517,0.015,2.044
1999-07-02,2.1603,2.1603,2.1431,2.1517,0.014,2.046
1999-07-06,2.1431,2.1789,2.1431,2.1789,0.014,2.047
1999-07-07,2.1789,2.2062,2.1789,2.1875,0.031,2.049
1999-07-08,2.1875,2.1875,2.1517,2.1875,0.009,2.051
1999-07-09,2.1875,2.2062,2.1875,2.2062,0.006,2.054
1999-07-12,2.2062,2.2148,2.1961,2.1961,0.006,2.057
1999-07-13,2.1961,2.2062,2.1875,2.2062,0.009,2.060
1999-07-14,2.1961,2.2062,2.1961,2.2062,0.006,2.062
1999-07-15,2.2062,2.2062,2.1961,2.2062,0.007,2.065
1999-07-16,2.2062,2.2062,2.1961,2.2062,0.010,2.068
1999-07-19,2.1961,2.2062,2.1961,2.1961,0.002,2.071
1999-07-20,2.1875,2.1875,2.1703,2.1875,0.009,2.073
1999-07-21,2.1789,2.2062,2.1517,2.1603,0.042,2.075
1999-07-22,2.1517,2.1875,2.1517,2.1789,0.010,2.078
1999-07-23,2.1875,2.2234,2.1703,2.1703,0.020,2.080
1999-07-26,2.1703,2.2062,2.1703,2.2062,0.007,2.083
1999-07-27,2.2062,2.2148,2.1603,2.1703,0.018,2.085
1999-07-28,2.1710,2.1710,2.1428,2.1517,0.014,2.088
1999-07-29,2.1606,2.1710,2.1517,2.1710,0.013,2.090
1999-07-30,2.1710,2.1799,2.1517,2.1517,0.007,2.093
1999-08-02,2.1428,2.1606,2.1235,2.1235,0.021,2.095
1999-08-03,2.1146,2.1235,2.1146,2.1235,0.003,2.097
1999-08-04,2.1339,2.1339,2.1146,2.1146,0.010,2.099
1999-08-05,2.1235,2.1235,2.0597,2.0597,0.025,2.099
1999-08-06,2.0493,2.0686,2.0493,2.0686,0.010,2.099
1999-08-09,2.0686,2.0864,2.0493,2.0686,0.008,2.099
1999-08-10,2.0775,2.0775,1.9944,2.0315,0.042,2.099
1999-08-11,2.0315,2.0404,2.0033,2.0033,0.014,2.099
1999-08-12,1.9855,2.0864,1.9855,2.0864,0.047,2.101
1999-08-13,2.0968,2.1339,2.0968,2.1235,0.013,2.103
1999-08-16,2.1428,2.1517,2.1057,2.1146,0.023,2.105
1999-08-17,2.1339,2.1606,2.1235,2.1339,0.022,2.107
1999-08-18,2.1517,2.1710,2.1517,2.1710,0.006,2.110
1999-08-19,2.1799,2.1977,2.1799,2.1977,0.003,2.114
1999-08-20,2.1977,2.1977,2.1517,2.1888,0.005,2.118
1999-08-23,2.1977,2.1977,2.1235,2.1235,0.009,2.120
1999-08-24,2.1339,2.1339,2.0686,2.0686,0.034,2.122
1999-08-25,2.0686,2.0775,2.0597,2.0686,0.026,2.123
1999-08-26,2.0597,2.0597,2.0226,2.0404,0.030,2.124
1999-08-27,2.0315,2.0686,2.0226,2.0493,0.021,2.124
1999-08-30,2.0315,2.0404,1.9944,2.0122,0.021,2.125
1999-08-31,2.0122,2.0315,2.0033,2.0122,0.004,2.125
1999-09-01,2.0122,2.0404,2.0033,2.0404,0.006,2.126
1999-09-02,2.0315,2.0493,2.0122,2.0315,0.014,2.126
1999-09-03,2.0122,2.0226,2.0122,2.0122,0.002,2.125
1999-09-07,2.0315,2.0404,1.9944,2.0033,0.016,2.124
1999-09-08,2.0122,2.0122,1.9944,1.9944,0.008,2.122
1999-09-09,2.0033,2.0033,1.9662,1.9855,0.018,2.120
1999-09-10,1.9855,1.9855,1.8920,1.9291,0.035,2.116
1999-09-13,1.9291,1.9291,1.8920,1.9009,0.018,2.111
1999-09-14,1.8831,1.8831,1.8549,1.8549,0.023,2.105
1999-09-15,1.8549,1.8549,1.8000,1.8089,0.019,2.098
1999-09-16,1.8178,1.8371,1.7718,1.7718,0.038,2.090
1999-09-17,1.7718,1.8267,1.7718,1.8000,0.027,2.082
1999-09-20,1.8267,1.8460,1.8178,1.8371,0.011,2.074
1999-09-21,1.8549,1.9009,1.8460,1.9009,0.022,2.068
1999-09-22,1.9113,1.9113,1.8831,1.8831,0.020,2.062
1999-09-23,1.8831,1.8831,1.8742,1.8831,0.006,2.056
1999-09-24,1.8831,1.8831,1.8638,1.8742,0.011,2.049
1999-09-27,1.8742,1.8742,1.8549,1.8549,0.008,2.042
1999-09-28,1.8638,1.8831,1.8549,1.8831,0.005,2.036
1999-09-29,1.8742,1.8831,1.8460,1.8460,0.014,2.029
1999-09-30,1.8460,1.8460,1.8267,1.8267,0.006,2.022
1999-10-01,1.8267,1.8267,1.8178,1.8267,0.009,2.015
1999-10-04,1.8178,1.8460,1.8178,1.8371,0.019,2.008
1999-10-05,1.8371,1.8742,1.8267,1.8638,0.022,2.002
1999-10-06,1.8549,1.8638,1.8267,1.8371,0.019,1.995
1999-10-07,1.8371,1.8549,1.8371,1.8460,0.007,1.989
1999-10-08,1.8638,1.8920,1.8549,1.8920,0.015,1.983
1999-10-11,1.8920,1.8920,1.8460,1.8460,0.017,1.977
1999-10-12,1.8460,1.8460,1.8371,1.8371,0.002,1.971
1999-10-13,1.8371,1.8460,1.8267,1.8371,0.005,1.966
1999-10-14,1.8267,1.8267,1.7807,1.8089,0.023,1.960
1999-10-15,1.8089,1.8089,1.8000,1.8089,0.004,1.955
1999-10-18,1.8178,1.8178,1.7629,1.7718,0.012,1.949
1999-10-19,1.7807,1.8089,1.7629,1.8000,0.016,1.943
1999-10-20,1.8000,1.8742,1.8000,1.8638,0.017,1.940
1999-10-21,1.8638,1.8742,1.8549,1.8638,0.005,1.937
1999-10-22,1.8638,1.8831,1.8549,1.8549,0.019,1.932
1999-10-25,1.8460,1.8831,1.8267,1.8638,0.025,1.927
1999-10-26,1.8549,1.9009,1.8549,1.8742,0.018,1.922
1999-10-27,1.8955,1.8955,1.7888,1.8089,0.023,1.916
1999-10-28,1.8275,1.8275,1.7795,1.7888,0.016,1.908
1999-10-29,1.7795,1.7795,1.6340,1.6634,0.030,1.898
1999-11-01,1.6634,1.6634,1.5184,1.5280,0.072,1.884
1999-11-02,1.5087,1.5474,1.3540,1.4604,0.074,1.871
1999-11-03,1.4507,1.5280,1.4507,1.4700,0.046,1.859
1999-11-04,1.4507,1.4507,1.3250,1.3444,0.063,1.845
1999-11-05,1.3057,1.3153,1.1412,1.1896,0.161,1.828
1999-11-08,1.1896,1.2572,1.1605,1.2186,0.081,1.811
1999-11-09,1.2283,1.2959,1.2090,1.2766,0.056,1.796
1999-11-10,1.2572,1.4411,1.2572,1.4313,0.054,1.785
1999-11-11,1.4313,1.4894,1.3926,1.4798,0.047,1.773
1999-11-12,1.4798,1.5280,1.4798,1.5184,0.024,1.763
1999-11-15,1.5087,1.5087,1.4024,1.4024,0.032,1.751
1999-11-16,1.4313,1.4507,1.3637,1.3637,0.049,1.738
1999-11-17,1.3733,1.4024,1.3250,1.3926,0.039,1.726
1999-11-18,1.3733,1.3926,1.3444,1.3540,0.034,1.714
1999-11-19,1.3926,1.3926,1.3540,1.3637,0.041,1.702
1999-11-22,1.3444,1.3540,1.2766,1.3153,0.044,1.691
1999-11-23,1.3057,1.3444,1.2766,1.3444,0.031,1.680
1999-11-24,1.3540,1.3831,1.2863,1.2959,0.052,1.670
1999-11-26,1.2959,1.3057,1.2766,1.3057,0.012,1.661
1999-11-29,1.2959,1.3057,1.2477,1.2572,0.058,1.650
1999-11-30,1.2477,1.2670,1.2283,1.2379,0.050,1.638
1999-12-01,1.2477,1.3250,1.2477,1.2959,0.048,1.626
1999-12-02,1.2863,1.3153,1.2477,1.2477,0.032,1.613
1999-12-03,1.2477,1.2766,1.1605,1.1605,0.043,1.599
1999-12-06,1.1703,1.1896,1.1219,1.1316,0.064,1.584
1999-12-07,1.1316,1.1412,1.0832,1.1025,0.060,1.569
1999-12-08,1.0832,1.1123,1.0251,1.0349,0.071,1.552
1999-12-09,1.0251,1.1412,1.0251,1.1412,0.125,1.538
1999-12-10,1.1605,1.1799,1.1025,1.1025,0.041,1.523
1999-12-13,1.1025,1.1219,1.0832,1.1025,0.045,1.509
1999-12-14,1.0929,1.1412,1.0638,1.1025,0.074,1.494
1999-12-15,1.1025,1.1316,1.0832,1.0929,0.069,1.479
1999-12-16,1.0832,1.3444,1.0832,1.3444,0.092,1.469
1999-12-17,1.3246,1.4220,1.2766,1.3926,0.072,1.460
1999-12-20,1.4313,1.4507,1.3733,1.4120,0.055,1.450
1999-12-21,1.4024,1.4313,1.3733,1.4024,0.055,1.441
1999-12-22,1.4120,1.4217,1.4024,1.4024,0.037,1.433
1999-12-23,1.3926,1.3926,1.3444,1.3637,0.041,1.423
1999-12-27,1.3733,1.3733,1.2572,1.2863,0.057,1.413
1999-12-28,1.2959,1.3153,1.2766,1.2863,0.055,1.402
1999-12-29,1.2863,1.3057,1.2090,1.2186,0.058,1.391
1999-12-30,1.2283,1.2379,1.1316,1.1605,0.070,1.378
1999-12-31,1.1703,1.2572,1.1605,1.2477,0.043,1.366
2000-01-03,1.2766,1.2766,1.2766,1.2766,0.053,1.354
2000-01-04,1.2572,1.3057,1.2572,1.2863,0.020,1.343
2000-01-05,1.2959,1.3250,1.2959,1.3057,0.013,1.332
2000-01-06,1.3057,1.3926,1.3057,1.3926,0.024,1.322
2000-01-07,1.4024,1.4217,1.3926,1.4024,0.018,1.314
2000-01-10,1.3926,1.4024,1.3346,1.3444,0.030,1.305
2000-01-11,1.3540,1.3926,1.3540,1.3733,0.031,1.299
2000-01-12,1.3926,1.4024,1.3831,1.3926,0.014,1.297
2000-01-13,1.3926,1.4507,1.3926,1.4507,0.022,1.296
2000-01-14,1.4604,1.4798,1.4507,1.4604,0.011,1.296
2000-01-18,1.4700,1.4991,1.4604,1.4991,0.027,1.299
2000-01-19,1.4991,1.5280,1.4798,1.5280,0.026,1.306
2000-01-20,1.5280,1.5280,1.4991,1.5087,0.015,1.312
2000-01-21,1.4991,1.5087,1.4700,1.4894,0.018,1.316
2000-01-24,1.5087,1.5861,1.5087,1.5675,0.063,1.319
2000-01-25,1.5567,1.6340,1.5474,1.6155,0.057,1.322
2000-01-26,1.6062,1.6248,1.5675,1.5768,0.115,1.323
2000-01-27,1.5989,1.5989,1.5174,1.5378,0.030,1.325
2000-01-28,1.5174,1.5785,1.5174,1.5479,0.031,1.329
2000-01-31,1.5479,1.5683,1.5479,1.5683,0.017,1.333
2000-02-01,1.5582,1.5683,1.4767,1.4767,0.019,1.335
2000-02-02,1.4664,1.4767,1.4257,1.4257,0.018,1.336
2000-02-03,1.4053,1.4053,1.3341,1.3646,0.028,1.337
2000-02-04,1.3545,1.3646,1.3442,1.3545,0.020,1.337
2000-02-07,1.3545,1.3749,1.3239,1.3239,0.021,1.338
2000-02-08,1.3341,1.3442,1.3138,1.3239,0.023,1.338
2000-02-09,1.3138,1.3138,1.2323,1.2527,0.038,1.338
2000-02-10,1.2323,1.2831,1.2220,1.2628,0.025,1.339
2000-02-11,1.2730,1.2831,1.2628,1.2730,0.015,1.338
2000-02-14,1.2628,1.2831,1.2628,1.2730,0.012,1.339
2000-02-15,1.2934,1.3646,1.2831,1.3442,0.039,1.343
2000-02-16,1.3341,1.3646,1.3239,1.3341,0.017,1.347
2000-02-17,1.3545,1.3545,1.3341,1.3442,0.013,1.351
2000-02-18,1.3341,1.3545,1.3341,1.3341,0.017,1.357
2000-02-22,1.3442,1.3545,1.3239,1.3341,0.028,1.361
2000-02-23,1.3239,1.3442,1.3239,1.3341,0.018,1.366
2000-02-24,1.3239,1.3442,1.3035,1.3035,0.020,1.370
2000-02-25,1.3035,1.3239,1.2934,1.3239,0.016,1.374
2000-02-28,1.3035,1.3850,1.2934,1.3035,0.034,1.379
2000-02-29,1.3138,1.3341,1.3035,1.3239,0.023,1.378
2000-03-01,1.3035,1.3341,1.2730,1.2831,0.024,1.376
2000-03-02,1.2831,1.3442,1.2831,1.3239,0.025,1.374
2000-03-03,1.3239,1.3341,1.3239,1.3341,0.016,1.373
2000-03-06,1.3341,1.3341,1.3138,1.3138,0.016,1.371
2000-03-07,1.3138,1.3442,1.3138,1.3341,0.014,1.370
2000-03-08,1.3138,1.3341,1.3138,1.3239,0.012,1.371
2000-03-09,1.3239,1.3442,1.3035,1.3035,0.015,1.372
2000-03-10,1.3239,1.3239,1.2934,1.3035,0.014,1.373
2000-03-13,1.3138,1.3138,1.2831,1.2934,0.026,1.376
2000-03-14,1.3138,1.3239,1.3035,1.3035,0.009,1.377
2000-03-15,1.3035,1.3035,1.2934,1.3035,0.014,1.378
2000-03-16,1.3035,1.3545,1.3035,1.3239,0.021,1.378
2000-03-17,1.3341,1.3341,1.3035,1.3239,0.011,1.379
2000-03-20,1.3239,1.3646,1.3239,1.3646,0.017,1.378
2000-03-21,1.3442,1.4461,1.3442,1.4461,0.015,1.379
2000-03-22,1.4461,1.5174,1.4461,1.4664,0.028,1.381
2000-03-23,1.4461,1.4868,1.4461,1.4868,0.006,1.384
2000-03-24,1.4971,1.5174,1.4664,1.4767,0.019,1.385
2000-03-27,1.4767,1.5582,1.4767,1.5582,0.031,1.388
2000-03-28,1.5683,1.6505,1.5479,1.5989,0.033,1.390
2000-03-29,1.5886,1.6505,1.5683,1.5989,0.026,1.392
2000-03-30,1.5785,1.5886,1.5275,1.5275,0.013,1.392
2000-03-31,1.5378,1.5785,1.4868,1.5072,0.017,1.392
2000-04-03,1.4664,1.5479,1.4664,1.5479,0.025,1.393
2000-04-04,1.5275,1.5479,1.4767,1.5072,0.013,1.392
2000-04-05,1.4868,1.4868,1.4360,1.4563,0.028,1.389
2000-04-06,1.4360,1.5072,1.4360,1.4767,0.017,1.387
2000-04-07,1.4664,1.5174,1.4664,1.5174,0.010,1.387
2000-04-10,1.5072,1.5582,1.5072,1.5174,0.019,1.386
2000-04-11,1.5174,1.5174,1.4868,1.4868,0.008,1.384
2000-04-12,1.4767,1.5072,1.4664,1.5072,0.012,1.385
2000-04-13,1.4971,1.4971,1.3850,1.4053,0.034,1.385
2000-04-14,1.4257,1.4868,1.4156,1.4461,0.012,1.386
2000-04-17,1.4563,1.4664,1.4053,1.4156,0.034,1.387
2000-04-18,1.4053,1.4461,1.4053,1.4257,0.030,1.389
2000-04-19,1.4461,1.4767,1.4360,1.4563,0.030,1.392
2000-04-20,1.4767,1.5072,1.4664,1.4971,0.019,1.397
2000-04-24,1.4868,1.5683,1.4868,1.5479,0.054,1.403
2000-04-25,1.5275,1.5989,1.5275,1.5683,0.076,1.409
2000-04-26,1.5683,1.6090,1.5479,1.5886,0.068,1.415
2000-04-27,1.6095,1.6310,1.5452,1.5989,0.057,1.420
2000-04-28,1.5989,1.6525,1.5881,1.6310,0.036,1.426
2000-05-01,1.6310,1.6310,1.5989,1.6310,0.016,1.432
2000-05-02,1.5666,1.5774,1.5452,1.5560,0.048,1.436
2000-05-03,1.5774,1.5774,1.5452,1.5560,0.017,1.441
2000-05-04,1.5560,1.5774,1.5452,1.5666,0.016,1.445
2000-05-05,1.5774,1.5774,1.5345,1.5345,0.009,1.450
2000-05-08,1.5345,1.5452,1.5237,1.5237,0.011,1.454
2000-05-09,1.5022,1.5237,1.4916,1.5237,0.014,1.458
2000-05-10,1.4808,1.4808,1.1374,1.1803,0.199,1.455
2000-05-11,1.0945,1.1374,0.9657,1.0624,0.198,1.451
2000-05-12,1.0409,1.0516,0.9443,0.9765,0.140,1.444
2000-05-15,0.9765,1.0086,0.9657,1.0086,0.084,1.438
2000-05-16,1.0301,1.0301,0.9872,1.0086,0.063,1.431
2000-05-17,0.9980,1.0086,0.9657,0.9657,0.066,1.424
2000-05-18,0.9872,0.9872,0.9443,0.9551,0.037,1.417
2000-05-19,0.9551,0.9657,0.9443,0.9551,0.019,1.410
2000-05-22,0.9765,0.9765,0.9443,0.9443,0.032,1.403
2000-05-23,0.9551,0.9765,0.9443,0.9765,0.018,1.396
2000-05-24,0.9551,0.9657,0.9443,0.9443,0.045,1.389
2000-05-25,0.9443,0.9657,0.8799,0.9013,0.027,1.381
2000-05-26,0.8799,0.8907,0.8692,0.8799,0.061,1.372
2000-05-30,0.8692,0.8799,0.8370,0.8584,0.054,1.363
2000-05-31,0.8370,0.8584,0.8370,0.8584,0.026,1.353
2000-06-01,0.8799,0.9228,0.8799,0.9228,0.026,1.342
2000-06-02,0.9336,0.9980,0.9336,0.9980,0.051,1.333
2000-06-05,0.9872,1.0624,0.9872,1.0409,0.017,1.324
2000-06-06,1.0409,1.1159,1.0409,1.1159,0.032,1.317
2000-06-07,1.1053,1.2018,1.0945,1.1053,0.049,1.308
2000-06-08,1.1268,1.1374,1.0945,1.0945,0.011,1.298
2000-06-09,1.1159,1.1374,1.1159,1.1374,0.013,1.288
2000-06-12,1.1589,1.2232,1.1159,1.1697,0.038,1.281
2000-06-13,1.1911,1.2018,1.1374,1.1911,0.117,1.275
2000-06-14,1.2018,1.2232,1.1803,1.2018,0.028,1.268
2000-06-15,1.2018,1.2018,1.1589,1.1803,0.016,1.261
2000-06-16,1.1803,1.1803,1.1374,1.1482,0.023,1.255
2000-06-19,1.1589,1.1803,1.1482,1.1803,0.025,1.249
2000-06-20,1.1697,1.1911,1.1589,1.1803,0.020,1.243
2000-06-21,1.1803,1.2018,1.1589,1.1803,0.008,1.236
2000-06-22,1.1803,1.1911,1.1589,1.1911,0.016,1.230
2000-06-23,1.1803,1.2018,1.1589,1.1803,0.023,1.223
2000-06-26,1.1803,1.2018,1.1589,1.1803,0.013,1.219
2000-06-27,1.1911,1.2018,1.1697,1.1803,0.009,1.214
2000-06-28,1.1803,1.2018,1.1589,1.1589,0.026,1.208
2000-06-29,1.1803,1.1911,1.1697,1.1803,0.011,1.203
2000-06-30,1.1803,1.1803,1.1803,1.1803,0.010,1.198
2000-07-03,1.1803,1.2018,1.1697,1.2018,0.022,1.192
2000-07-05,1.2018,1.2018,1.1697,1.1803,0.027,1.185
2000-07-06,1.1803,1.2018,1.1803,1.1911,0.007,1.177
2000-07-07,1.2018,1.2341,1.1911,1.2232,0.061,1.170
2000-07-10,1.2232,1.2341,1.2018,1.2341,0.030,1.163
2000-07-11,1.2232,1.2341,1.2018,1.2126,0.011,1.154
2000-07-12,1.2232,1.2341,1.2018,1.2018,0.016,1.146
2000-07-13,1.2126,1.2126,1.1803,1.2018,0.023,1.138
2000-07-14,1.2018,1.2232,1.2018,1.2232,0.025,1.132
2000-07-17,1.2232,1.2770,1.2232,1.2770,0.056,1.126
2000-07-18,1.2876,1.2876,1.2447,1.2447,0.031,1.120
2000-07-19,1.2447,1.2555,1.2447,1.2555,0.028,1.115
2000-07-20,1.2555,1.3091,1.2555,1.3091,0.038,1.111
2000-07-21,1.3091,1.3305,1.2876,1.2984,0.066,1.113
2000-07-24,1.3520,1.3735,1.3520,1.3735,0.056,1.119
2000-07-25,1.3735,1.3735,1.3520,1.3520,0.047,1.127
2000-07-26,1.3628,1.3628,1.2018,1.2770,0.075,1.132
2000-07-27,1.2869,1.3558,1.2869,1.2984,0.038,1.138
2000-07-28,1.2869,1.2984,1.2409,1.2525,0.031,1.144
2000-07-31,1.2409,1.2409,1.1720,1.1949,0.026,1.148
2000-08-01,1.1720,1.2639,1.1490,1.2639,0.028,1.155
2000-08-02,1.2639,1.2639,1.2409,1.2525,0.024,1.161
2000-08-03,1.2295,1.2295,1.1490,1.1606,0.023,1.164
2000-08-04,1.1720,1.1949,1.1490,1.1720,0.018,1.169
2000-08-07,1.1490,1.1720,1.1490,1.1720,0.008,1.174
2000-08-08,1.1835,1.1835,1.1376,1.1490,0.027,1.180
2000-08-09,1.1606,1.1835,1.1490,1.1606,0.023,1.186
2000-08-10,1.1490,1.1835,1.1490,1.1606,0.021,1.192
2000-08-11,1.1606,1.1835,1.1490,1.1490,0.035,1.196
2000-08-14,1.1720,1.1835,1.1490,1.1606,0.041,1.200
2000-08-15,1.1720,1.1949,1.1606,1.1720,0.024,1.202
2000-08-16,1.1720,1.1835,1.1490,1.1720,0.013,1.203
2000-08-17,1.1606,1.1606,1.1260,1.1260,0.016,1.204
2000-08-18,1.1030,1.1260,1.1030,1.1146,0.014,1.204
2000-08-21,1.1030,1.1490,1.0916,1.1260,0.020,1.204
2000-08-22,1.1260,1.1376,1.0916,1.0916,0.020,1.202
2000-08-23,1.0916,1.1260,1.0457,1.1030,0.039,1.201
2000-08-24,1.1260,1.1376,1.1146,1.1260,0.015,1.199
2000-08-25,1.1376,1.1490,1.1260,1.1490,0.027,1.198
2000-08-28,1.1490,1.1606,1.1376,1.1490,0.018,1.199
2000-08-29,1.1720,1.1949,1.1606,1.1720,0.030,1.198
2000-08-30,1.1606,1.1606,1.1490,1.1606,0.010,1.198
2000-08-31,1.1606,1.2179,1.1606,1.2179,0.047,1.199
2000-09-01,1.2295,1.2409,1.2179,1.2295,0.014,1.199
2000-09-05,1.2295,1.2295,1.2065,1.2179,0.010,1.200
2000-09-06,1.2409,1.2639,1.2179,1.2525,0.024,1.202
2000-09-07,1.2525,1.2639,1.2179,1.2179,0.014,1.202
2000-09-08,1.2179,1.2179,1.1606,1.1720,0.017,1.203
2000-09-11,1.1949,1.2295,1.1949,1.2065,0.031,1.203
2000-09-12,1.2065,1.2065,1.1490,1.1490,0.022,1.203
2000-09-13,1.1490,1.1835,1.1490,1.1835,0.014,1.202
2000-09-14,1.2065,1.2295,1.1949,1.1949,0.024,1.203
2000-09-15,1.2179,1.2295,1.1949,1.2295,0.021,1.203
2000-09-18,1.2179,1.2409,1.2179,1.2409,0.017,1.204
2000-09-19,1.2295,1.2639,1.1949,1.2295,0.032,1.204
2000-09-20,1.2525,1.2525,1.2179,1.2179,0.013,1.204
2000-09-21,1.1949,1.2065,1.1720,1.1835,0.013,1.203
2000-09-22,1.2065,1.2295,1.1949,1.2179,0.028,1.204
2000-09-25,1.2179,1.2525,1.2065,1.2525,0.026,1.204
2000-09-26,1.2409,1.2639,1.2065,1.2065,0.027,1.203
2000-09-27,1.2179,1.2295,1.1949,1.1949,0.009,1.202
2000-09-28,1.2179,1.2409,1.1949,1.2295,0.033,1.201
2000-09-29,1.2295,1.2639,1.2065,1.2525,0.032,1.200
2000-10-02,1.2639,1.2639,1.1720,1.1949,0.031,1.198
2000-10-03,1.2179,1.2639,1.2179,1.2409,0.017,1.195
2000-10-04,1.2525,1.2639,1.2409,1.2525,0.013,1.193
2000-10-05,1.2525,1.2755,1.2409,1.2525,0.017,1.193
2000-10-06,1.2755,1.2755,1.1949,1.2639,0.034,1.192
2000-10-09,1.2525,1.2755,1.2409,1.2639,0.015,1.192
2000-10-10,1.2639,1.2755,1.1720,1.2179,0.024,1.193
2000-10-11,1.1949,1.2179,1.1720,1.2065,0.030,1.192
2000-10-12,1.2295,1.2869,1.2295,1.2755,0.039,1.192
2000-10-13,1.2755,1.2869,1.2525,1.2755,0.022,1.195
2000-10-16,1.2755,1.2755,1.2409,1.2409,0.028,1.196
2000-10-17,1.2409,1.2409,1.1720,1.1835,0.023,1.196
2000-10-18,1.1835,1.1835,1.1260,1.1720,0.016,1.197
2000-10-19,1.1720,1.2065,1.1376,1.1835,0.046,1.197
2000-10-20,1.1835,1.2065,1.1720,1.1835,0.039,1.198
2000-10-23,1.1720,1.1720,1.1260,1.1376,0.047,1.197
2000-10-24,1.1606,1.1720,1.1490,1.1606,0.032,1.197
2000-10-25,1.1606,1.1949,1.1606,1.1720,0.069,1.197
2000-10-26,1.1949,1.2065,1.1720,1.2065,0.042,1.198
2000-10-27,1.2334,1.2334,1.1835,1.1835,0.049,1.199
2000-10-30,1.1586,1.1586,0.8347,1.0464,0.151,1.198
2000-10-31,0.8969,0.9468,0.8471,0.9095,0.151,1.193
2000-11-01,0.8969,0.8969,0.8098,0.8471,0.108,1.189
2000-11-02,0.8471,0.8846,0.7973,0.8597,0.103,1.184
2000-11-03,0.8597,0.8969,0.8597,0.8969,0.111,1.179
2000-11-06,0.9218,0.9717,0.9095,0.9095,0.063,1.174
2000-11-07,0.9095,0.9344,0.8720,0.8846,0.026,1.169
2000-11-08,0.8846,0.8969,0.8597,0.8969,0.039,1.164
2000-11-09,0.8846,0.9095,0.8098,0.8969,0.088,1.158
2000-11-10,0.9218,0.9218,0.8969,0.8969,0.011,1.152
2000-11-13,0.8720,0.8720,0.8222,0.8347,0.044,1.144
2000-11-14,0.8597,0.8846,0.8471,0.8846,0.033,1.137
2000-11-15,0.9593,0.9593,0.9095,0.9095,0.052,1.130
2000-11-16,0.9095,0.9468,0.8969,0.9468,0.035,1.125
2000-11-17,0.9344,0.9468,0.9218,0.9218,0.021,1.120
2000-11-20,0.9095,0.9218,0.8720,0.8720,0.028,1.113
2000-11-21,0.8597,0.8720,0.8098,0.8098,0.049,1.106
2000-11-22,0.8471,0.8846,0.8347,0.8720,0.029,1.100
2000-11-24,0.8846,0.8969,0.8471,0.8597,0.015,1.094
2000-11-27,0.8597,0.8846,0.8222,0.8471,0.082,1.086
2000-11-28,0.8222,0.8471,0.8098,0.8222,0.017,1.078
2000-11-29,0.8222,0.8347,0.7973,0.8098,0.034,1.069
2000-11-30,0.8098,0.8720,0.7973,0.8720,0.057,1.062
2000-12-01,0.8471,0.8846,0.8347,0.8347,0.031,1.055
2000-12-04,0.8347,0.8720,0.8222,0.8347,0.025,1.048
2000-12-05,0.8347,0.8347,0.8222,0.8222,0.024,1.039
2000-12-06,0.8222,0.8846,0.8098,0.8846,0.058,1.033
2000-12-07,0.8720,0.8969,0.8222,0.8846,0.075,1.026
2000-12-08,0.8846,0.8846,0.8347,0.8597,0.027,1.019
2000-12-11,0.8471,0.8846,0.8471,0.8720,0.028,1.011
2000-12-12,0.8720,0.8969,0.8471,0.8720,0.071,1.005
2000-12-13,0.8969,0.9468,0.8597,0.9468,0.065,0.999
2000-12-14,0.9248,0.9910,0.9117,0.9777,0.038,0.993
2000-12-15,0.9512,1.0438,0.9512,0.9777,0.037,0.988
2000-12-18,0.9777,0.9777,0.8984,0.9512,0.068,0.982
2000-12-19,0.9381,0.9645,0.9248,0.9512,0.075,0.975
2000-12-20,0.9248,0.9645,0.9117,0.9381,0.077,0.970
2000-12-21,0.9117,0.9117,0.8191,0.8455,0.066,0.963
2000-12-22,0.8720,0.8720,0.8324,0.8324,0.086,0.954
2000-12-26,0.8329,0.8329,0.7145,0.7272,0.115,0.943
2000-12-27,0.7267,0.7663,0.6870,0.7398,0.082,0.933
2000-12-28,0.7532,0.7532,0.7134,0.7398,0.085,0.924
2000-12-29,0.7398,0.7663,0.6870,0.7663,0.103,0.916
2001-01-02,0.7532,0.8191,0.7398,0.8060,0.018,0.908
2001-01-03,0.8191,0.8720,0.8060,0.8720,0.016,0.902
2001-01-04,0.8853,0.9777,0.8720,0.9777,0.026,0.899
2001-01-05,0.9777,1.0041,0.9777,1.0041,0.016,0.896
2001-01-08,0.9645,0.9645,0.9248,0.9512,0.036,0.891
2001-01-09,0.9512,0.9645,0.9381,0.9645,0.022,0.886
2001-01-10,0.9645,0.9645,0.9512,0.9645,0.012,0.882
2001-01-11,0.9512,0.9777,0.9512,0.9645,0.017,0.880
2001-01-12,0.9910,1.0438,0.9777,1.0305,0.021,0.883
2001-01-16,1.0438,1.0833,1.0305,1.0569,0.022,0.887
2001-01-17,1.0569,1.0702,1.0305,1.0305,0.019,0.890
2001-01-18,1.0569,1.0569,1.0041,1.0569,0.055,0.894
2001-01-19,1.0569,1.0569,1.0438,1.0438,0.017,0.896
2001-01-22,1.0305,1.0702,0.9910,1.0438,0.048,0.900
2001-01-23,1.0438,1.0569,1.0305,1.0438,0.016,0.902
2001-01-24,1.0305,1.0569,1.0174,1.0438,0.026,0.905
2001-01-25,1.0569,1.0833,1.0438,1.0833,0.058,0.909
2001-01-26,1.0833,1.0833,1.0569,1.0833,0.036,0.914
2001-01-29,1.0772,1.1212,1.0772,1.0992,0.032,0.918
2001-01-30,1.1190,1.1190,1.0948,1.0992,0.050,0.922
2001-01-31,1.1102,1.1212,1.0772,1.1212,0.041,0.926
2001-02-01,1.1322,1.1520,1.1102,1.1102,0.045,0.929
2001-02-02,1.1102,1.1454,1.1102,1.1432,0.024,0.935
2001-02-05,1.1322,1.1432,1.1102,1.1322,0.025,0.941
2001-02-06,1.1212,1.1432,1.1212,1.1322,0.032,0.947
2001-02-07,1.1322,1.1432,1.1212,1.1388,0.019,0.952
2001-02-08,1.1212,1.1520,1.1212,1.1322,0.017,0.958
2001-02-09,1.1432,1.1498,1.1212,1.1322,0.013,0.964
2001-02-12,1.1432,1.1761,1.1212,1.1542,0.037,0.971
2001-02-13,1.1871,1.2091,1.1761,1.1981,0.021,0.977
2001-02-14,1.2201,1.2531,1.2091,1.2377,0.040,0.986
2001-02-15,1.2091,1.2311,1.2091,1.2311,0.031,0.993
2001-02-16,1.2201,1.2311,1.2135,1.2311,0.019,1.002
2001-02-20,1.2311,1.2311,1.1739,1.2201,0.020,1.008
2001-02-21,1.2091,1.2311,1.1871,1.2311,0.027,1.015
2001-02-22,1.2201,1.2773,1.2157,1.2487,0.025,1.023
2001-02-23,1.2619,1.2751,1.2201,1.2201,0.027,1.030
2001-02-26,1.2421,1.2421,1.1871,1.1981,0.011,1.037
2001-02-27,1.1871,1.2047,1.1761,1.1981,0.007,1.042
2001-02-28,1.1871,1.1871,1.1542,1.1761,0.011,1.046
2001-03-01,1.1651,1.1981,1.1322,1.1673,0.029,1.049
2001-03-02,1.1542,1.1542,1.1432,1.1432,0.010,1.053
2001-03-05,1.1432,1.2025,1.1432,1.1981,0.010,1.058
2001-03-06,1.2201,1.2465,1.1871,1.2201,0.013,1.064
2001-03-07,1.2091,1.2487,1.1981,1.2311,0.023,1.071
2001-03-08,1.2487,1.2531,1.2267,1.2531,0.009,1.080
2001-03-09,1.2311,1.2531,1.2311,1.2311,0.017,1.090
2001-03-12,1.2421,1.2421,1.2113,1.2113,0.004,1.099
2001-03-13,1.2289,1.2289,1.2091,1.2289,0.015,1.109
2001-03-14,1.2267,1.2311,1.2091,1.2113,0.005,1.118
2001-03-15,1.2311,1.2311,1.2113,1.2311,0.030,1.127
2001-03-16,1.2531,1.2641,1.2355,1.2443,0.006,1.134
2001-03-19,1.2443,1.3410,1.2443,1.3300,0.012,1.141
2001-03-20,1.3410,1.3410,1.3190,1.3190,0.013,1.147
2001-03-21,1.3300,1.3366,1.3190,1.3300,0.013,1.155
2001-03-22,1.3190,1.3190,1.1322,1.1761,0.049,1.159
2001-03-23,1.1432,1.2971,1.1432,1.2157,0.039,1.164
2001-03-26,1.2421,1.2861,1.2421,1.2795,0.013,1.170
2001-03-27,1.2971,1.3300,1.2817,1.3300,0.012,1.176
2001-03-28,1.2971,1.3256,1.2883,1.3080,0.012,1.181
2001-03-29,1.2861,1.3146,1.2861,1.2971,0.009,1.187
2001-03-30,1.2751,1.3190,1.2641,1.3190,0.014,1.192
2001-04-02,1.2971,1.3146,1.2817,1.2971,0.005,1.197
2001-04-03,1.2905,1.2905,1.2861,1.2861,0.002,1.202
2001-04-04,1.2751,1.2751,1.2311,1.2751,0.009,1.207
2001-04-05,1.2531,1.2641,1.2311,1.2641,0.009,1.211
2001-04-06,1.2707,1.2707,1.2311,1.2421,0.012,1.214
2001-04-09,1.2421,1.2729,1.2311,1.2641,0.012,1.218
2001-04-10,1.2531,1.2751,1.2531,1.2641,0.009,1.221
2001-04-11,1.2839,1.2861,1.2531,1.2861,0.024,1.225
2001-04-12,1.2641,1.2641,1.2201,1.2509,0.010,1.227
2001-04-16,1.2509,1.2707,1.2421,1.2421,0.010,1.230
2001-04-17,1.2421,1.2641,1.2201,1.2509,0.013,1.232
2001-04-18,1.2531,1.2751,1.2311,1.2531,0.025,1.235
2001-04-19,1.2553,1.2729,1.2421,1.2729,0.013,1.237
2001-04-20,1.2729,1.2861,1.2421,1.2861,0.020,1.240
2001-04-23,1.2861,1.2861,1.2553,1.2729,0.010,1.243
2001-04-24,1.2729,1.2971,1.2531,1.2861,0.021,1.246
2001-04-25,1.2971,1.3190,1.2795,1.3080,0.028,1.249
2001-04-26,1.2964,1.3192,1.2851,1.3146,0.025,1.252
2001-04-27,1.2964,1.3192,1.2851,1.2987,0.021,1.253
2001-04-30,1.3078,1.3533,1.2510,1.2964,0.038,1.254
2001-05-01,1.2623,1.3055,1.2623,1.3055,0.024,1.256
2001-05-02,1.3055,1.3078,1.2282,1.2510,0.021,1.256
2001-05-03,1.2714,1.2714,1.2441,1.2623,0.006,1.257
2001-05-04,1.2510,1.2851,1.2510,1.2828,0.005,1.258
2001-05-07,1.2510,1.2782,1.2396,1.2737,0.011,1.259
2001-05-08,1.2737,1.2737,1.2282,1.2282,0.012,1.259
2001-05-09,1.2510,1.2510,1.2510,1.2510,0.002,1.260
2001-05-10,1.2623,1.2714,1.2419,1.2510,0.014,1.262
2001-05-11,1.2510,1.2510,1.2282,1.2510,0.021,1.264
2001-05-14,1.2623,1.2737,1.2282,1.2691,0.013,1.266
2001-05-15,1.2691,1.2851,1.2532,1.2782,0.016,1.268
2001-05-16,1.2942,1.2942,1.2282,1.2510,0.031,1.268
2001-05-17,1.2168,1.2623,1.2168,1.2282,0.020,1.268
2001-05-18,1.2396,1.2623,1.2282,1.2282,0.032,1.268
2001-05-21,1.2282,1.2510,1.2123,1.2123,0.009,1.267
2001-05-22,1.2123,1.2510,1.2055,1.2055,0.018,1.267
2001-05-23,1.2077,1.2146,1.0235,1.1372,0.072,1.265
2001-05-24,1.1259,1.1372,1.0804,1.1031,0.027,1.263
2001-05-25,1.1031,1.1350,1.0804,1.1145,0.018,1.261
2001-05-29,1.1259,1.1259,1.0963,1.1236,0.011,1.258
2001-05-30,1.1145,1.1145,1.0349,1.0690,0.036,1.253
2001-05-31,1.0917,1.1054,1.0576,1.0576,0.009,1.248
2001-06-01,1.0622,1.1372,1.0622,1.1145,0.020,1.244
2001-06-04,1.1099,1.1145,1.0917,1.0917,0.017,1.242
2001-06-05,1.0804,1.0963,1.0576,1.0576,0.005,1.239
2001-06-06,1.0599,1.1008,1.0349,1.0349,0.026,1.234
2001-06-07,1.0235,1.0235,0.9735,0.9894,0.021,1.227
2001-06-08,0.9894,1.0212,0.9553,0.9598,0.023,1.220
2001-06-11,0.9757,0.9894,0.9621,0.9848,0.016,1.214
2001-06-12,0.9780,1.0121,0.9780,0.9962,0.023,1.207
2001-06-13,0.9894,0.9894,0.9666,0.9757,0.017,1.201
2001-06-14,0.9780,1.0008,0.9735,0.9757,0.012,1.195
2001-06-15,0.9757,0.9894,0.9439,0.9757,0.017,1.189
2001-06-18,0.9689,0.9985,0.9666,0.9780,0.013,1.183
2001-06-19,0.9666,1.0099,0.9598,1.0099,0.019,1.178
2001-06-20,1.0121,1.0121,0.9780,0.9780,0.017,1.173
2001-06-21,0.9780,1.0281,0.9780,1.0235,0.025,1.168
2001-06-22,1.0235,1.0235,1.0008,1.0235,0.024,1.163
2001-06-25,1.0235,1.0235,0.9780,0.9780,0.021,1.157
2001-06-26,0.9894,1.0463,0.9735,0.9780,0.021,1.152
2001-06-27,0.9780,0.9780,0.9553,0.9553,0.011,1.146
2001-06-28,0.9462,0.9712,0.9462,0.9462,0.011,1.140
2001-06-29,0.9553,0.9780,0.9553,0.9780,0.005,1.134
2001-07-02,1.0008,1.0008,0.9780,1.0008,0.006,1.128
2001-07-03,0.9780,1.0008,0.9553,0.9939,0.004,1.123
2001-07-05,1.0235,1.0463,1.0235,1.0235,0.008,1.117
2001-07-06,1.0121,1.0349,0.9894,1.0235,0.013,1.112
2001-07-09,1.0121,1.0690,0.9780,1.0463,0.044,1.106
2001-07-10,1.0690,1.0690,1.0258,1.0576,0.007,1.102
2001-07-11,1.0463,1.0667,1.0235,1.0485,0.010,1.097
2001-07-12,1.0781,1.0781,1.0349,1.0690,0.021,1.092
2001-07-13,1.0781,1.1008,1.0713,1.0804,0.036,1.089
2001-07-16,1.1008,1.1372,1.0804,1.1259,0.036,1.086
2001-07-17,1.1372,1.1623,1.1259,1.1372,0.059,1.083
2001-07-18,1.1145,1.1600,1.0917,1.1600,0.030,1.081
2001-07-19,1.1600,1.1941,1.1600,1.1941,0.032,1.080
2001-07-20,1.1941,1.2168,1.1827,1.2032,0.042,1.079
2001-07-23,1.2168,1.2487,1.2055,1.2282,0.043,1.079
2001-07-24,1.2396,1.2510,1.2396,1.2487,0.023,1.078
2001-07-25,1.2510,1.2510,1.1986,1.2350,0.041,1.078
2001-07-26,1.2168,1.2373,1.1986,1.2259,0.037,1.077
2001-07-27,1.2051,1.2453,1.2051,1.2146,0.031,1.076
2001-07-30,1.1957,1.1980,1.1933,1.1933,0.030,1.075
2001-07-31,1.1933,1.2146,1.1933,1.2146,0.009,1.075
2001-08-01,1.2146,1.2146,1.1980,1.2146,0.018,1.075
2001-08-02,1.2146,1.2146,1.1957,1.2098,0.008,1.075
2001-08-03,1.1933,1.2027,1.1933,1.1957,0.004,1.076
2001-08-06,1.2146,1.2146,1.2051,1.2051,0.005,1.078
2001-08-07,1.1957,1.2051,1.1815,1.2027,0.031,1.080
2001-08-08,1.1933,1.2146,1.1791,1.1791,0.020,1.081
2001-08-09,1.2027,1.2051,1.1460,1.1579,0.018,1.083
2001-08-10,1.1460,1.3185,1.1366,1.3114,0.128,1.088
2001-08-13,1.2996,1.3091,1.2476,1.2996,0.039,1.092
2001-08-14,1.3020,1.3469,1.2760,1.3233,0.048,1.096
2001-08-15,1.3233,1.3587,1.3233,1.3233,0.030,1.102
2001-08-16,1.3587,1.3823,1.3351,1.3705,0.033,1.108
2001-08-17,1.3469,1.3658,1.3374,1.3493,0.014,1.116
2001-08-20,1.3469,1.3918,1.3445,1.3587,0.059,1.124
2001-08-21,1.3682,1.3918,1.3658,1.3752,0.026,1.131
2001-08-22,1.3658,1.4532,1.3658,1.4178,0.033,1.140
2001-08-23,1.4178,1.5359,1.4178,1.5359,0.023,1.151
2001-08-24,1.5359,1.6352,1.5005,1.5336,0.046,1.162
2001-08-27,1.5477,1.5477,1.4296,1.4887,0.058,1.172
2001-08-28,1.4650,1.4887,1.3941,1.4603,0.048,1.182
2001-08-29,1.4603,1.4603,1.4414,1.4509,0.008,1.191
2001-08-30,1.4509,1.4509,1.3823,1.4178,0.032,1.200
2001-08-31,1.4296,1.4390,1.3941,1.4154,0.006,1.208
2001-09-04,1.3941,1.4107,1.3587,1.4060,0.018,1.215
2001-09-05,1.4107,1.4131,1.3587,1.4036,0.017,1.224
2001-09-06,1.3894,1.4036,1.3776,1.3989,0.010,1.232
2001-09-07,1.3989,1.4154,1.3823,1.4107,0.057,1.241
2001-09-10,1.3941,1.4178,1.3871,1.3941,0.012,1.250
2001-09-17,1.3847,1.4367,1.3729,1.4296,0.032,1.259
2001-09-18,1.4414,1.4745,1.4178,1.4272,0.028,1.268
2001-09-19,1.4178,1.4178,1.3044,1.3469,0.024,1.275
2001-09-20,1.3587,1.3587,1.3233,1.3469,0.021,1.281
2001-09-21,1.3303,1.3303,1.1579,1.2406,0.035,1.286
2001-09-24,1.3233,1.3233,1.2169,1.3233,0.025,1.291
2001-09-25,1.2878,1.3185,1.2878,1.2996,0.017,1.296
2001-09-26,1.3469,1.3469,1.2878,1.3020,0.009,1.301
2001-09-27,1.2878,1.2996,1.2760,1.2878,0.009,1.305
2001-09-28,1.3185,1.3776,1.2949,1.3752,0.026,1.311
2001-10-01,1.3705,1.4060,1.3611,1.4060,0.025,1.317
2001-10-02,1.4107,1.4532,1.3871,1.4178,0.067,1.323
2001-10-03,1.4414,1.4414,1.3823,1.4249,0.020,1.328
2001-10-04,1.4461,1.4461,1.4201,1.4414,0.020,1.333
2001-10-05,1.4745,1.4745,1.4225,1.4650,0.032,1.338
2001-10-08,1.5714,1.5714,1.4532,1.5596,0.035,1.345
2001-10-09,1.5596,1.5596,1.4981,1.5005,0.007,1.350
2001-10-10,1.4769,1.5005,1.4320,1.4414,0.021,1.354
2001-10-11,1.4532,1.5123,1.4532,1.5123,0.011,1.360
2001-10-12,1.5336,1.5359,1.5005,1.5005,0.007,1.365
2001-10-15,1.5099,1.5359,1.5028,1.5359,0.018,1.372
2001-10-16,1.5241,1.5572,1.5005,1.5572,0.017,1.379
2001-10-17,1.5572,1.5596,1.5028,1.5477,0.030,1.386
2001-10-18,1.5596,1.5596,1.5359,1.5383,0.007,1.392
2001-10-19,1.5383,1.5666,1.5359,1.5666,0.016,1.400
2001-10-22,1.5359,1.5832,1.5359,1.5832,0.024,1.407
2001-10-23,1.5879,1.6541,1.5832,1.6517,0.035,1.416
2001-10-24,1.6517,1.6517,1.5950,1.6281,0.011,1.425
2001-10-25,1.6281,1.6517,1.5997,1.6045,0.021,1.434
2001-10-26,1.6493,1.6541,1.6021,1.6375,0.030,1.441
2001-10-29,1.6986,1.6986,1.5939,1.6304,0.047,1.447
2001-10-30,1.6061,1.6061,1.5331,1.5331,0.026,1.451
2001-10-31,1.5088,1.5088,0.9977,1.0707,0.216,1.446
2001-11-01,0.8639,1.0561,0.8639,1.0561,0.167,1.440
2001-11-02,1.0342,1.0829,0.9734,1.0537,0.064,1.434
2001-11-05,1.0294,1.0342,0.9856,0.9856,0.038,1.427
2001-11-06,0.9734,1.0172,0.9734,0.9977,0.043,1.419
2001-11-07,0.9977,0.9977,0.9734,0.9783,0.027,1.410
2001-11-08,0.9977,1.0269,0.9758,1.0196,0.018,1.400
2001-11-09,0.9856,1.0464,0.9856,1.0367,0.019,1.390
2001-11-12,1.0221,1.1194,1.0221,1.0975,0.045,1.382
2001-11-13,1.1218,1.2167,1.0951,1.1608,0.062,1.376
2001-11-14,1.1851,1.3141,1.1632,1.3141,0.075,1.374
2001-11-15,1.3384,1.4358,1.2630,1.3822,0.081,1.373
2001-11-16,1.3506,1.3725,1.2289,1.2411,0.047,1.369
2001-11-19,1.2362,1.2630,1.1924,1.2167,0.034,1.366
2001-11-20,1.2167,1.4114,1.1924,1.2776,0.057,1.363
2001-11-21,1.3749,1.3749,1.2776,1.3628,0.108,1.362
2001-11-23,1.3725,1.3725,1.3263,1.3725,0.005,1.362
2001-11-26,1.3433,1.3749,1.3384,1.3384,0.024,1.360
2001-11-27,1.3287,1.4114,1.2898,1.4114,0.061,1.360
2001-11-28,1.4601,1.4601,1.2898,1.4479,0.149,1.361
2001-11-29,1.4114,1.4479,1.2776,1.2776,0.087,1.359
2001-11-30,1.2533,1.4552,1.1316,1.1924,0.050,1.356
2001-12-03,0.9856,0.9856,0.5840,0.6254,0.240,1.344
2001-12-04,0.6254,0.7787,0.6205,0.7422,0.166,1.332
2001-12-05,0.8152,0.8761,0.7300,0.8274,0.140,1.323
2001-12-06,0.9077,0.9077,0.7666,0.8128,0.045,1.313
2001-12-07,0.8396,0.8396,0.7325,0.7909,0.042,1.303
2001-12-10,0.8152,0.8152,0.7300,0.7300,0.026,1.290
2001-12-11,0.7325,0.7666,0.7203,0.7300,0.033,1.277
2001-12-12,0.7666,0.7885,0.7227,0.7300,0.021,1.263
2001-12-13,0.7544,0.7544,0.6741,0.6814,0.027,1.248
2001-12-14,0.6814,0.6935,0.6692,0.6814,0.024,1.233
2001-12-17,0.6838,0.7276,0.6570,0.6595,0.048,1.217
2001-12-18,0.6814,0.6911,0.6084,0.6327,0.030,1.198
2001-12-19,0.6230,0.6327,0.5670,0.6205,0.047,1.180
2001-12-20,0.5840,0.7057,0.5694,0.6570,0.045,1.165
2001-12-21,0.9734,1.1535,0.9491,1.1340,0.287,1.157
2001-12-24,1.1364,1.2167,1.1316,1.1778,0.046,1.151
2001-12-26,1.1316,1.2167,1.0951,1.1827,0.095,1.144
2001-12-27,1.2070,1.2387,1.1705,1.2289,0.035,1.137
2001-12-28,1.0951,1.0951,0.9612,1.0561,0.076,1.127
2001-12-31,1.0099,1.0099,0.9004,0.9491,0.108,1.116
2002-01-02,0.9150,0.9369,0.8055,0.8882,0.093,1.102
2002-01-03,0.9247,0.9247,0.8785,0.9126,0.027,1.089
2002-01-04,0.9588,0.9588,0.8785,0.8834,0.033,1.073
2002-01-07,0.9004,0.9369,0.8785,0.9247,0.052,1.059
2002-01-08,0.9004,0.9345,0.8882,0.8907,0.023,1.045
2002-01-09,0.9199,0.9223,0.8858,0.9004,0.013,1.030
2002-01-10,0.8907,0.8980,0.8663,0.8663,0.022,1.015
2002-01-11,0.8566,0.8639,0.7909,0.8274,0.047,1.001
2002-01-14,0.8055,0.8104,0.8031,0.8055,0.010,0.995
2002-01-15,0.8055,0.8469,0.8031,0.8055,0.010,0.990
2002-01-16,0.8031,0.8177,0.8031,0.8055,0.012,0.985
2002-01-17,0.8177,0.8274,0.8031,0.8031,0.009,0.982
2002-01-18,0.8031,0.8615,0.8031,0.8615,0.014,0.979
2002-01-22,0.8542,0.8542,0.8031,0.8031,0.017,0.976
2002-01-23,0.8274,0.8274,0.8031,0.8031,0.011,0.971
2002-01-24,0.8031,0.8639,0.8031,0.8371,0.029,0.967
2002-01-25,0.8055,0.8396,0.8055,0.8396,0.009,0.962
2002-01-28,0.8590,0.8590,0.8396,0.8517,0.004,0.956
2002-01-29,0.8517,0.8517,0.8225,0.8225,0.025,0.946
2002-01-30,0.8152,0.8396,0.8031,0.8128,0.008,0.935
2002-01-31,0.8055,0.8079,0.8031,0.8055,0.016,0.926
2002-02-01,0.8736,0.8736,0.8031,0.8274,0.015,0.918
2002-02-04,0.8396,0.8396,0.8152,0.8396,0.031,0.909
2002-02-05,0.8639,0.8639,0.8055,0.8152,0.028,0.898
2002-02-06,0.8347,0.8371,0.8031,0.8152,0.028,0.887
2002-02-07,0.8031,0.8152,0.8031,0.8031,0.019,0.877
2002-02-08,0.8031,0.8493,0.8031,0.8128,0.016,0.865
2002-02-11,0.8493,0.8493,0.7909,0.8031,0.034,0.852
2002-02-12,0.8274,0.8274,0.7374,0.7374,0.118,0.841
2002-02-13,0.7325,0.7349,0.6935,0.7130,0.051,0.831
2002-02-14,0.7374,0.7617,0.7276,0.7617,0.010,0.834
2002-02-15,0.7544,0.7544,0.7057,0.7495,0.013,0.834
2002-02-19,0.7179,0.7300,0.7179,0.7179,0.019,0.832
2002-02-20,0.8152,0.8152,0.7179,0.7787,0.027,0.831
2002-02-21,0.7300,0.7909,0.7179,0.7179,0.028,0.830
2002-02-22,0.7179,0.7179,0.7057,0.7057,0.007,0.829
2002-02-25,0.7252,0.7422,0.7179,0.7179,0.026,0.829
2002-02-26,0.7179,0.7325,0.7179,0.7300,0.011,0.829
2002-02-27,0.7300,0.7568,0.7300,0.7568,0.010,0.831
2002-02-28,0.7398,0.7666,0.7300,0.7422,0.014,0.832
2002-03-01,0.7300,0.7641,0.7300,0.7544,0.011,0.834
2002-03-04,0.7666,0.7909,0.7544,0.7544,0.016,0.836
2002-03-05,0.7763,0.7885,0.7568,0.7568,0.003,0.839
2002-03-06,0.7885,0.8031,0.7544,0.7909,0.015,0.842
2002-03-07,0.7666,0.7909,0.7544,0.7836,0.009,0.835
2002-03-08,0.7714,0.8006,0.7714,0.8006,0.008,0.827
2002-03-11,0.8006,0.8639,0.8006,0.8420,0.029,0.820
2002-03-12,0.8882,0.8882,0.8274,0.8517,0.019,0.813
2002-03-13,0.8761,0.8955,0.8663,0.8931,0.017,0.809
2002-03-14,0.8955,0.8955,0.8785,0.8955,0.007,0.808
2002-03-15,0.8980,0.8980,0.8785,0.8907,0.011,0.808
2002-03-18,0.8980,0.8980,0.8566,0.8566,0.032,0.807
2002-03-19,0.8566,0.8639,0.8469,0.8639,0.012,0.807
2002-03-20,0.8761,0.9004,0.8517,0.9004,0.021,0.806
2002-03-21,0.9053,0.9053,0.8639,0.8639,0.016,0.806
2002-03-22,0.8566,0.9004,0.8566,0.9004,0.014,0.806
2002-03-25,0.9101,0.9247,0.9004,0.9247,0.012,0.807
2002-03-26,0.9004,0.9247,0.8834,0.8931,0.006,0.808
2002-03-27,0.8882,0.8882,0.7300,0.7593,0.127,0.807
2002-03-28,0.7349,0.7544,0.5621,0.7057,0.119,0.805
2002-04-01,0.7276,0.7276,0.6449,0.7057,0.040,0.803
2002-04-02,0.7057,0.7057,0.6692,0.6692,0.015,0.801
2002-04-03,0.6716,0.7008,0.6692,0.6716,0.009,0.797
2002-04-04,0.6473,0.6814,0.6449,0.6814,0.007,0.795
2002-04-05,0.6692,0.6692,0.6084,0.6327,0.024,0.791
2002-04-08,0.6327,0.6546,0.6327,0.6449,0.008,0.787
2002-04-09,0.6449,0.6692,0.6327,0.6327,0.016,0.783
2002-04-10,0.6327,0.6327,0.5840,0.6084,0.018,0.778
2002-04-11,0.5840,0.5840,0.5354,0.5524,0.012,0.773
2002-04-12,0.5573,0.5962,0.5475,0.5840,0.014,0.768
2002-04-15,0.5889,0.5889,0.5475,0.5475,0.018,0.763
2002-04-16,0.5597,0.5597,0.5354,0.5475,0.019,0.758
2002-04-17,0.5475,0.5500,0.5475,0.5475,0.005,0.752
2002-04-18,0.5597,0.5719,0.5354,0.5475,0.007,0.746
2002-04-19,0.5378,0.5573,0.5110,0.5475,0.033,0.741
2002-04-22,0.5475,0.5475,0.4867,0.5232,0.027,0.735
2002-04-23,0.4867,0.5354,0.4867,0.5110,0.036,0.729
2002-04-24,0.5354,0.5451,0.5110,0.5110,0.012,0.724
2002-04-25,0.4989,0.5402,0.4867,0.4916,0.017,0.719
2002-04-26,0.4867,0.5475,0.4867,0.4916,0.028,0.714
2002-04-29,0.5232,0.5232,0.4867,0.4867,0.010,0.709
2002-04-30,0.4867,0.4867,0.4380,0.4624,0.043,0.703
2002-05-01,0.4502,0.4502,0.4380,0.4502,0.014,0.698
2002-05-02,0.4502,0.4867,0.4502,0.4867,0.036,0.692
2002-05-03,0.4867,0.5597,0.4867,0.5159,0.026,0.688
2002-05-06,0.5719,0.8882,0.5719,0.8542,0.116,0.691
2002-05-07,0.8736,0.8736,0.7666,0.7787,0.052,0.692
2002-05-08,0.7300,0.7666,0.7300,0.7593,0.026,0.692
2002-05-09,0.7666,0.8152,0.7593,0.8152,0.023,0.694
2002-05-10,0.8274,0.8712,0.8274,0.8712,0.055,0.696
2002-05-13,0.8712,0.9247,0.8517,0.9223,0.049,0.700
2002-05-14,0.9515,0.9515,0.8761,0.9126,0.037,0.703
2002-05-15,0.8761,0.9126,0.8639,0.8761,0.038,0.705
2002-05-16,0.8882,0.9053,0.8761,0.9053,0.042,0.707
2002-05-17,0.8761,0.9369,0.8761,0.9247,0.055,0.710
2002-05-20,0.9004,0.9369,0.8761,0.9369,0.015,0.713
2002-05-21,0.9491,0.9734,0.9272,0.9612,0.025,0.715
2002-05-22,0.9588,1.0221,0.9369,0.9977,0.073,0.718
2002-05-23,0.9856,0.9977,0.9734,0.9953,0.022,0.720
2002-05-24,0.9612,0.9710,0.9247,0.9247,0.012,0.721
2002-05-28,0.9247,0.9734,0.9247,0.9491,0.004,0.722
2002-05-29,0.9442,0.9734,0.9393,0.9734,0.018,0.724
2002-05-30,0.9539,0.9564,0.9491,0.9515,0.018,0.726
2002-05-31,0.9539,1.0099,0.9539,0.9856,0.031,0.728
2002-06-03,0.9734,1.0099,0.9734,0.9977,0.022,0.731
2002-06-04,0.9734,0.9977,0.9247,0.9734,0.021,0.732
2002-06-05,0.9515,0.9515,0.9369,0.9369,0.008,0.732
2002-06-06,0.9369,1.0099,0.9247,0.9491,0.039,0.733
2002-06-07,0.9442,0.9442,0.9369,0.9393,0.008,0.737
2002-06-10,0.9272,0.9369,0.9272,0.9369,0.003,0.742
2002-06-11,0.9053,0.9053,0.9053,0.9053,0.007,0.746
2002-06-12,0.8907,0.9223,0.8882,0.9223,0.014,0.751
2002-06-13,0.9369,0.9369,0.9004,0.9247,0.006,0.756
2002-06-14,0.9004,0.9272,0.9004,0.9004,0.009,0.760
2002-06-17,0.9004,0.9247,0.9004,0.9004,0.005,0.765
2002-06-18,0.9004,0.9150,0.9004,0.9150,0.005,0.771
2002-06-19,0.9126,0.9150,0.9004,0.9004,0.004,0.776
2002-06-20,0.9004,0.9345,0.8907,0.9247,0.019,0.783
2002-06-21,0.9247,0.9369,0.8882,0.8882,0.046,0.789
2002-06-24,0.8882,0.9199,0.8761,0.9199,0.020,0.796
2002-06-25,0.9126,0.9393,0.8882,0.9247,0.025,0.803
2002-06-26,0.8882,0.9272,0.8761,0.8931,0.038,0.810
2002-06-27,0.8931,0.9223,0.8882,0.9126,0.008,0.818
2002-06-28,0.9004,0.9272,0.9004,0.9272,0.021,0.825
2002-07-01,0.9004,0.9247,0.8882,0.8882,0.016,0.832
2002-07-02,0.8688,0.9126,0.8639,0.9004,0.028,0.840
2002-07-03,0.9247,0.9247,0.8882,0.8882,0.011,0.847
2002-07-05,0.8882,0.8955,0.8566,0.8566,0.003,0.854
2002-07-08,0.8761,0.9004,0.8420,0.8517,0.023,0.861
2002-07-09,0.8517,0.8761,0.8469,0.8469,0.010,0.868
2002-07-10,0.8396,0.8396,0.7787,0.7909,0.009,0.875
2002-07-11,0.7909,0.7909,0.7666,0.7666,0.003,0.881
2002-07-12,0.7787,0.8031,0.7568,0.7666,0.004,0.887
2002-07-15,0.7787,0.8031,0.7544,0.7982,0.005,0.893
2002-07-16,0.7787,0.7787,0.7447,0.7447,0.011,0.898
2002-07-17,0.7763,0.8031,0.7544,0.7909,0.018,0.896
2002-07-18,0.7787,0.7885,0.7666,0.7885,0.003,0.897
2002-07-19,0.7544,0.8031,0.7544,0.7617,0.011,0.897
2002-07-22,0.7666,0.7666,0.7057,0.7057,0.017,0.895
2002-07-23,0.6935,0.6935,0.5597,0.5597,0.023,0.888
2002-07-24,0.5110,0.5840,0.4867,0.5840,0.022,0.882
2002-07-25,0.5354,0.5597,0.5354,0.5475,0.010,0.874
2002-07-26,0.5597,0.6668,0.5597,0.6668,0.041,0.870
2002-07-29,0.6424,0.6692,0.5840,0.6570,0.011,0.865
2002-07-30,0.6814,0.6814,0.6327,0.6570,0.004,0.860
2002-07-31,0.6449,0.7422,0.6449,0.7422,0.015,0.856
2002-08-01,0.7179,0.7422,0.7179,0.7300,0.007,0.851
2002-08-02,0.7422,0.8517,0.7325,0.8517,0.006,0.848
2002-08-05,0.7787,0.8469,0.7787,0.7909,0.007,0.844
2002-08-06,0.7909,0.8517,0.7909,0.8274,0.008,0.842
2002-08-07,0.8298,0.8298,0.8274,0.8274,0.003,0.840
2002-08-08,0.8225,0.9004,0.8225,0.9004,0.015,0.838
2002-08-09,0.8761,0.9856,0.8761,0.9758,0.029,0.839
2002-08-12,0.9491,0.9734,0.9126,0.9491,0.022,0.838
2002-08-13,0.9491,1.0342,0.9491,1.0342,0.032,0.839
2002-08-14,1.0342,1.0586,0.9977,1.0342,0.015,0.840
2002-08-15,0.9977,1.0902,0.9977,1.0829,0.035,0.843
2002-08-16,1.0829,1.0951,1.0707,1.0951,0.039,0.846
2002-08-19,1.0853,1.0999,1.0853,1.0951,0.006,0.849
2002-08-20,1.0951,1.0999,1.0610,1.0951,0.024,0.852
2002-08-21,1.0829,1.0951,1.0586,1.0951,0.033,0.856
2002-08-22,1.0707,1.1024,1.0707,1.0975,0.011,0.859
2002-08-23,1.0951,1.1486,1.0951,1.1194,0.019,0.863
2002-08-26,1.1194,1.2606,1.1097,1.2289,0.047,0.870
2002-08-27,1.2289,1.2654,1.1072,1.2046,0.039,0.876
2002-08-28,1.2411,1.2435,1.1924,1.2167,0.025,0.882
2002-08-29,1.2411,1.2411,1.1802,1.2070,0.002,0.888
2002-08-30,1.1681,1.2898,1.1437,1.2654,0.033,0.895
2002-09-03,1.3141,1.3993,1.3019,1.3384,0.048,0.904
2002-09-04,1.3384,1.3384,1.2581,1.2776,0.010,0.911
2002-09-05,1.2898,1.3263,1.2557,1.2630,0.019,0.918
2002-09-06,1.2898,1.2898,1.2533,1.2533,0.003,0.925
2002-09-09,1.2533,1.2849,1.2411,1.2654,0.010,0.932
2002-09-10,1.2606,1.2654,1.2314,1.2314,0.010,0.938
2002-09-11,1.2167,1.2167,1.1437,1.1535,0.007,0.944
2002-09-12,1.1072,1.1413,0.9977,1.0464,0.020,0.946
2002-09-13,1.0099,1.0951,0.9783,1.0342,0.030,0.949
2002-09-16,1.0099,1.0464,0.9977,1.0464,0.006,0.953
2002-09-17,1.0221,1.0464,0.9977,1.0026,0.008,0.956
2002-09-18,0.9856,1.0342,0.9856,1.0318,0.005,0.960
2002-09-19,0.9977,0.9977,0.9734,0.9734,0.002,0.964
2002-09-20,0.9734,0.9734,0.9637,0.9661,0.002,0.968
2002-09-23,0.9685,1.0221,0.9685,1.0172,0.045,0.973
2002-09-24,1.0586,1.1924,1.0586,1.1194,0.022,0.979
2002-09-25,1.1316,1.1364,1.0707,1.1072,0.022,0.986
2002-09-26,1.0951,1.1924,1.0951,1.0951,0.015,0.992
2002-09-27,1.0951,1.1681,1.0951,1.1316,0.007,0.999
2002-09-30,1.1194,1.1559,1.0999,1.1194,0.002,1.006
2002-10-01,1.1072,1.1243,1.0707,1.1194,0.008,1.015
2002-10-02,1.1194,1.1194,1.0829,1.0951,0.005,1.025
2002-10-03,1.1194,1.1194,1.0342,1.0951,0.013,1.036
2002-10-04,1.0707,1.0829,1.0342,1.0342,0.005,1.045
2002-10-07,1.0221,1.0342,0.9977,0.9977,0.006,1.052
2002-10-08,0.9977,0.9977,0.9856,0.9856,0.002,1.058
2002-10-09,1.0099,1.0099,0.9880,0.9977,0.013,1.065
2002-10-10,0.9856,1.0342,0.9856,1.0342,0.006,1.071
2002-10-11,1.0561,1.0853,1.0561,1.0829,0.010,1.078
2002-10-14,1.0926,1.0926,1.0464,1.0829,0.009,1.083
2002-10-15,1.0707,1.0829,0.9856,1.0707,0.018,1.088
2002-10-16,1.0586,1.0586,1.0488,1.0586,0.002,1.093
2002-10-17,1.0707,1.0732,1.0586,1.0586,0.002,1.098
2002-10-18,1.0707,1.1316,1.0586,1.1316,0.018,1.102
2002-10-21,1.1072,1.1559,1.0707,1.0951,0.012,1.105
2002-10-22,1.0951,1.0951,1.0829,1.0878,0.009,1.107
2002-10-23,1.0829,1.1194,1.0829,1.1194,0.006,1.109
2002-10-24,1.1145,1.1437,1.1072,1.1437,0.006,1.111
2002-10-25,1.1437,1.1510,1.0999,1.1194,0.013,1.112
2002-10-28,1.1437,1.2167,1.1194,1.1802,0.017,1.114
2002-10-29,1.1705,1.1924,1.1705,1.1875,0.004,1.116
2002-10-30,1.1875,1.1924,1.1851,1.1900,0.006,1.118
2002-10-31,1.1851,1.1851,1.1437,1.1437,0.007,1.118
2002-11-01,1.1583,1.1924,1.1583,1.1924,0.002,1.120
2002-11-04,1.1802,1.1973,1.1462,1.1559,0.014,1.121
2002-11-05,1.1656,1.2046,1.1559,1.2021,0.015,1.121
2002-11-06,1.1802,1.2046,1.1681,1.2046,0.016,1.121
2002-11-07,1.1802,1.1802,1.1559,1.1559,0.013,1.119
2002-11-08,1.1559,1.1778,1.1462,1.1778,0.011,1.119
2002-11-11,1.1924,1.2167,1.1924,1.2167,0.015,1.118
2002-11-12,1.2046,1.2046,1.1559,1.1681,0.010,1.114
2002-11-13,1.1924,1.1924,1.1437,1.1437,0.011,1.112
2002-11-14,1.1559,1.1559,1.1194,1.1194,0.005,1.109
2002-11-15,1.1072,1.1072,1.0707,1.1072,0.008,1.106
2002-11-18,1.0975,1.1170,1.0975,1.1024,0.003,1.103
2002-11-19,1.1072,1.1194,1.0975,1.1194,0.014,1.100
2002-11-20,1.0975,1.1072,1.0586,1.0926,0.014,1.099
2002-11-21,1.0707,1.0829,1.0586,1.0805,0.009,1.100
2002-11-22,1.0586,1.1194,1.0586,1.1072,0.010,1.101
2002-11-25,1.0829,1.0951,1.0221,1.0586,0.019,1.102
2002-11-26,1.0464,1.0586,1.0464,1.0586,0.004,1.103
2002-11-27,1.0659,1.1218,1.0634,1.1194,0.024,1.104
2002-11-29,1.1316,1.1316,1.0951,1.0951,0.010,1.107
2002-12-02,1.0951,1.0951,1.0756,1.0756,0.000,1.109
2002-12-03,1.0961,1.1216,1.0732,1.0732,0.010,1.110
2002-12-04,1.0732,1.0859,1.0324,1.0655,0.016,1.109
2002-12-05,1.0757,1.0757,1.0579,1.0579,0.003,1.108
2002-12-06,1.0579,1.0579,1.0477,1.0579,0.016,1.107
2002-12-09,1.0579,1.0604,1.0477,1.0502,0.005,1.106
2002-12-10,1.0477,1.0579,1.0451,1.0451,0.010,1.104
2002-12-11,1.0502,1.0579,1.0451,1.0553,0.007,1.103
2002-12-12,1.0477,1.0961,1.0477,1.0961,0.013,1.103
2002-12-13,1.0961,1.1089,1.0961,1.0961,0.018,1.103
2002-12-16,1.1089,1.1216,1.0579,1.1089,0.025,1.105
2002-12-17,1.1216,1.1216,1.0961,1.0961,0.010,1.107
2002-12-18,1.0834,1.0834,1.0706,1.0706,0.009,1.108
2002-12-19,1.0706,1.1216,1.0706,1.1216,0.017,1.111
2002-12-20,1.1191,1.1242,1.1089,1.1216,0.011,1.112
2002-12-23,1.1216,1.1344,1.1216,1.1344,0.019,1.113
2002-12-24,1.1089,1.1216,1.0961,1.0961,0.005,1.114
2002-12-26,1.0961,1.0961,1.0706,1.0706,0.008,1.114
2002-12-27,1.0400,1.0757,1.0400,1.0732,0.047,1.114
2002-12-30,1.0681,1.1012,1.0681,1.0885,0.016,1.115
2002-12-31,1.0834,1.2542,1.0834,1.2236,0.017,1.116
2003-01-02,1.1981,1.3383,1.1981,1.3357,0.022,1.121
2003-01-03,1.3255,1.3255,1.3000,1.3128,0.013,1.126
2003-01-06,1.2873,1.3306,1.2618,1.3230,0.024,1.130
2003-01-07,1.3128,1.3383,1.3128,1.3255,0.012,1.133
2003-01-08,1.3000,1.3230,1.3000,1.3230,0.005,1.138
2003-01-09,1.3153,1.3230,1.2898,1.3128,0.003,1.140
2003-01-10,1.2898,1.3230,1.2465,1.2491,0.021,1.141
2003-01-13,1.2389,1.2389,1.1726,1.1828,0.010,1.141
2003-01-14,1.1853,1.2491,1.1853,1.2236,0.011,1.143
2003-01-15,1.2261,1.2491,1.1981,1.2491,0.006,1.144
2003-01-16,1.2363,1.2618,1.2363,1.2618,0.002,1.146
2003-01-17,1.2746,1.2873,1.2491,1.2873,0.007,1.148
2003-01-21,1.2771,1.2771,1.2236,1.2236,0.003,1.148
2003-01-22,1.2236,1.2363,1.1981,1.1981,0.007,1.149
2003-01-23,1.1981,1.1981,1.1981,1.1981,0.001,1.149
2003-01-24,1.2108,1.2236,1.2006,1.2236,0.005,1.150
2003-01-27,1.2134,1.2134,1.1853,1.1853,0.003,1.150
2003-01-28,1.1318,1.1318,1.1191,1.1242,0.005,1.150
2003-01-29,1.1726,1.1726,1.1598,1.1649,0.002,1.150
2003-01-30,1.1726,1.1853,1.1726,1.1853,0.000,1.152
2003-01-31,1.1904,1.2363,1.1904,1.2363,0.006,1.155
2003-02-03,1.2618,1.2618,1.1981,1.2236,0.002,1.157
2003-02-04,1.2312,1.3255,1.2312,1.3255,0.015,1.161
2003-02-05,1.3000,1.3459,1.3000,1.3332,0.027,1.167
2003-02-06,1.3128,1.3332,1.3128,1.3332,0.003,1.171
2003-02-07,1.3332,1.3332,1.3051,1.3128,0.005,1.176
2003-02-10,1.3128,1.3128,1.2746,1.2746,0.005,1.180
2003-02-11,1.2746,1.2949,1.2720,1.2873,0.006,1.184
2003-02-12,1.2975,1.3408,1.2975,1.3255,0.010,1.188
2003-02-13,1.3128,1.3459,1.3000,1.3383,0.014,1.194
2003-02-14,1.3383,1.3510,1.3255,1.3510,0.004,1.199
2003-02-18,1.3383,1.3485,1.3383,1.3383,0.005,1.205
2003-02-19,1.3383,1.3510,1.3128,1.3383,0.020,1.210
2003-02-20,1.3383,1.3408,1.3255,1.3357,0.009,1.216
2003-02-21,1.3383,1.3383,1.3128,1.3128,0.008,1.221
2003-02-24,1.3459,1.3485,1.3383,1.3485,0.014,1.227
2003-02-25,1.3485,1.3510,1.3255,1.3510,0.012,1.233
2003-02-26,1.3383,1.3918,1.3383,1.3765,0.009,1.239
2003-02-27,1.3765,1.4148,1.3638,1.3765,0.027,1.244
2003-02-28,1.3791,1.4249,1.3765,1.4249,0.018,1.251
2003-03-03,1.3969,1.4275,1.3765,1.4046,0.013,1.257
2003-03-04,1.4046,1.4530,1.3995,1.4046,0.025,1.263
2003-03-05,1.4249,1.4402,1.3765,1.3893,0.014,1.269
2003-03-06,1.4275,1.4275,1.3893,1.4275,0.014,1.275
2003-03-07,1.4275,1.4275,1.3893,1.4148,0.007,1.281
2003-03-10,1.3638,1.3638,1.1216,1.1216,0.064,1.281
2003-03-11,1.0987,1.1089,1.0706,1.0834,0.022,1.281
2003-03-12,1.0757,1.0834,1.0477,1.0808,0.006,1.281
2003-03-13,1.0706,1.1216,1.0706,1.0961,0.010,1.282
2003-03-14,1.0987,1.1267,1.0987,1.1165,0.004,1.279
2003-03-17,1.1191,1.1471,1.1191,1.1216,0.005,1.275
2003-03-18,1.1267,1.1445,1.1165,1.1445,0.009,1.272
2003-03-19,1.1344,1.1726,1.1344,1.1598,0.022,1.269
2003-03-20,1.1496,1.1496,1.1369,1.1445,0.004,1.265
2003-03-21,1.1471,1.1726,1.1471,1.1496,0.017,1.261
2003-03-24,1.1522,1.1726,1.1471,1.1726,0.040,1.259
2003-03-25,1.1598,1.2108,1.1598,1.1981,0.015,1.258
2003-03-26,1.1879,1.1955,1.1726,1.1726,0.021,1.257
2003-03-27,1.1981,1.1981,1.1420,1.1598,0.035,1.256
2003-03-28,1.1598,1.2363,1.1598,1.2363,0.044,1.256
2003-03-31,1.2440,1.2440,1.1981,1.1981,0.012,1.255
2003-04-01,1.1981,1.2108,1.1853,1.1981,0.010,1.253
2003-04-02,1.2006,1.2108,1.1853,1.1930,0.010,1.252
2003-04-03,1.1853,1.1955,1.1853,1.1853,0.004,1.252
2003-04-04,1.1853,1.2236,1.1777,1.2236,0.017,1.252
2003-04-07,1.2134,1.2746,1.2134,1.2363,0.023,1.253
2003-04-08,1.2236,1.2771,1.2236,1.2771,0.019,1.255
2003-04-09,1.2822,1.2873,1.2618,1.2720,0.045,1.258
2003-04-10,1.2618,1.2720,1.2440,1.2644,0.020,1.260
2003-04-11,1.2847,1.2847,1.2108,1.2644,0.038,1.261
2003-04-14,1.2847,1.2847,1.2491,1.2593,0.020,1.262
2003-04-15,1.2516,1.2618,1.2465,1.2618,0.042,1.262
2003-04-16,1.2695,1.2695,1.2491,1.2491,0.006,1.261
2003-04-17,1.2567,1.2567,1.2491,1.2567,0.001,1.259
2003-04-21,1.2491,1.2491,1.2236,1.2491,0.024,1.258
2003-04-22,1.2363,1.2465,1.2312,1.2414,0.008,1.256
2003-04-23,1.2363,1.2695,1.2363,1.2491,0.026,1.256
2003-04-24,1.2491,1.2491,1.2440,1.2440,0.011,1.255
2003-04-25,1.2465,1.2465,1.2440,1.2440,0.007,1.253
2003-04-28,1.2490,1.2618,1.2335,1.2593,0.009,1.252
2003-04-29,1.2490,1.2490,1.2412,1.2412,0.005,1.249
2003-04-30,1.2412,1.2464,1.2361,1.2361,0.018,1.247
2003-05-01,1.2490,1.2490,1.2361,1.2490,0.018,1.246
2003-05-02,1.2567,1.2618,1.2103,1.2103,0.067,1.243
2003-05-05,1.2335,1.2618,1.2335,1.2335,0.011,1.241
2003-05-06,1.2232,1.2387,1.2232,1.2361,0.031,1.239
2003-05-07,1.2258,1.2593,1.2232,1.2567,0.011,1.237
2003-05-08,1.2490,1.2490,1.2129,1.2361,0.008,1.235
2003-05-09,1.2361,1.2618,1.2232,1.2387,0.068,1.232
2003-05-12,1.2490,1.2490,1.2361,1.2438,0.046,1.228
2003-05-13,1.2464,1.4550,1.2464,1.4112,0.093,1.228
2003-05-14,1.3906,1.3906,1.3391,1.3777,0.025,1.228
2003-05-15,1.3906,1.4395,1.3906,1.4395,0.027,1.229
2003-05-16,1.4395,1.5322,1.4163,1.5322,0.020,1.231
2003-05-19,1.4807,1.5039,1.4344,1.4807,0.022,1.232
2003-05-20,1.4678,1.5116,1.4678,1.4833,0.027,1.239
2003-05-21,1.4807,1.5425,1.4807,1.5374,0.024,1.248
2003-05-22,1.5374,1.5477,1.5065,1.5451,0.016,1.258
2003-05-23,1.5451,1.6352,1.5451,1.5966,0.058,1.268
2003-05-27,1.6146,1.6352,1.5709,1.6327,0.034,1.278
2003-05-28,1.6327,1.6352,1.5709,1.5837,0.015,1.287
2003-05-29,1.5966,1.6095,1.5245,1.6095,0.051,1.297
2003-05-30,1.6224,1.6970,1.6224,1.6275,0.035,1.306
2003-06-02,1.6095,1.6224,1.5837,1.6043,0.012,1.315
2003-06-03,1.6095,1.6327,1.5837,1.5837,0.035,1.324
2003-06-04,1.5837,1.5966,1.5477,1.5709,0.009,1.332
2003-06-05,1.5709,1.6121,1.5580,1.6095,0.012,1.340
2003-06-06,1.6069,1.6198,1.6069,1.6198,0.008,1.349
2003-06-09,1.6095,1.6352,1.5966,1.6352,0.026,1.358
2003-06-10,1.6352,1.6352,1.6275,1.6275,0.008,1.366
2003-06-11,1.6275,1.6327,1.5837,1.5992,0.018,1.374
2003-06-12,1.5889,1.6146,1.5863,1.5940,0.007,1.382
2003-06-13,1.5940,1.5940,1.5837,1.5837,0.013,1.390
2003-06-16,1.5580,1.5837,1.5580,1.5837,0.009,1.398
2003-06-17,1.5580,1.5966,1.5580,1.5786,0.009,1.405
2003-06-18,1.5580,1.5709,1.5477,1.5503,0.017,1.411
2003-06-19,1.5503,1.5709,1.5477,1.5631,0.023,1.417
2003-06-20,1.5709,1.5709,1.5580,1.5580,0.006,1.423
2003-06-23,1.5837,1.5837,1.5631,1.5812,0.005,1.429
2003-06-24,1.5837,1.5837,1.5631,1.5786,0.005,1.435
2003-06-25,1.5631,1.5915,1.5631,1.5709,0.004,1.442
2003-06-26,1.5734,1.5734,1.5709,1.5709,0.004,1.448
2003-06-27,1.5709,1.5915,1.5709,1.5709,0.004,1.454
2003-06-30,1.5709,1.5709,1.5709,1.5709,0.000,1.461
2003-07-01,1.5734,1.5734,1.5606,1.5606,0.003,1.467
2003-07-02,1.5606,1.5915,1.5606,1.5734,0.006,1.473
2003-07-03,1.5915,1.5966,1.5760,1.5966,0.018,1.480
2003-07-07,1.5889,1.6224,1.5503,1.6224,0.007,1.488
2003-07-08,1.5992,1.5992,1.5837,1.5966,0.008,1.495
2003-07-09,1.6095,1.6095,1.5554,1.5966,0.013,1.502
2003-07-10,1.5992,1.6095,1.5992,1.6095,0.000,1.509
2003-07-11,1.5966,1.6095,1.5966,1.6095,0.007,1.517
2003-07-14,1.5966,1.6018,1.5606,1.5966,0.010,1.524
2003-07-15,1.5837,1.6069,1.5837,1.6069,0.009,1.532
2003-07-16,1.5837,1.6018,1.5837,1.5889,0.011,1.539
2003-07-17,1.5837,1.6198,1.5837,1.5992,0.008,1.546
2003-07-18,1.5889,1.5992,1.5889,1.5992,0.001,1.553
2003-07-21,1.6043,1.6327,1.5863,1.5863,0.006,1.560
2003-07-22,1.5863,1.5915,1.5709,1.5709,0.011,1.566
2003-07-23,1.5734,1.5940,1.5709,1.5709,0.007,1.573
2003-07-24,1.5837,1.5837,1.5837,1.5837,0.000,1.576
2003-07-25,1.5915,1.6069,1.5837,1.5837,0.005,1.580
2003-07-28,1.5837,1.5837,1.5760,1.5837,0.002,1.583
2003-07-29,1.6095,1.6095,1.5835,1.6095,0.008,1.585
2003-07-30,1.5835,1.6458,1.5835,1.6458,0.006,1.588
2003-07-31,1.6225,1.6225,1.6225,1.6225,0.001,1.591
2003-08-01,1.6225,1.6225,1.6173,1.6173,0.001,1.593
2003-08-04,1.6173,1.6277,1.5602,1.5965,0.013,1.594
2003-08-05,1.5757,1.5783,1.5757,1.5783,0.000,1.593
2003-08-06,1.5628,1.5628,1.5576,1.5576,0.002,1.592
2003-08-07,1.5576,1.5576,1.3239,1.4927,0.110,1.590
2003-08-08,1.5030,1.5420,1.5030,1.5420,0.008,1.589
2003-08-11,1.5420,1.5420,1.5186,1.5186,0.001,1.586
2003-08-12,1.5082,1.5108,1.5056,1.5108,0.004,1.585
2003-08-13,1.5108,1.5108,1.4667,1.5056,0.013,1.583
2003-08-14,1.4927,1.5264,1.4927,1.5056,0.019,1.582
2003-08-15,1.5316,1.5316,1.5316,1.5316,0.005,1.580
2003-08-18,1.5056,1.5056,1.4849,1.4849,0.010,1.577
2003-08-19,1.4823,1.5186,1.4563,1.4615,0.014,1.574
2003-08-20,1.4797,1.4797,1.4563,1.4563,0.006,1.571
2003-08-21,1.4537,1.4589,1.4407,1.4511,0.030,1.568
2003-08-22,1.4511,1.4823,1.4407,1.4537,0.012,1.565
2003-08-25,1.4537,1.4901,1.4537,1.4797,0.022,1.563
2003-08-26,1.5005,1.5446,1.5005,1.5316,0.017,1.562
2003-08-27,1.5056,1.5212,1.5056,1.5186,0.001,1.560
2003-08-28,1.5316,1.5550,1.5186,1.5186,0.018,1.560
2003-08-29,1.5238,1.5524,1.5082,1.5186,0.007,1.559
2003-09-02,1.5316,1.5316,1.5186,1.5316,0.003,1.558
2003-09-03,1.5446,1.5446,1.5212,1.5212,0.002,1.557
2003-09-04,1.5056,1.5394,1.5056,1.5082,0.010,1.556
2003-09-05,1.5082,1.5290,1.4667,1.5212,0.024,1.555
2003-09-08,1.5134,1.6095,1.5134,1.5835,0.018,1.555
2003-09-09,1.5653,1.5653,1.5420,1.5420,0.006,1.554
2003-09-10,1.5342,1.5342,1.5186,1.5186,0.007,1.553
2003-09-11,1.5212,1.5446,1.5212,1.5238,0.004,1.553
2003-09-12,1.5108,1.5212,1.4927,1.5186,0.028,1.552
2003-09-15,1.5186,1.5446,1.5186,1.5316,0.008,1.550
2003-09-16,1.5238,1.8821,1.5186,1.8561,0.162,1.555
2003-09-17,1.8301,1.8950,1.7393,1.7782,0.080,1.559
2003-09-18,1.8042,1.8950,1.7600,1.8431,0.065,1.564
2003-09-19,1.8561,1.9729,1.8327,1.8327,0.043,1.568
2003-09-22,1.8172,1.8431,1.7782,1.8379,0.012,1.573
2003-09-23,1.8457,1.8483,1.7678,1.7782,0.009,1.576
2003-09-24,1.8042,1.8198,1.7834,1.7834,0.015,1.580
2003-09-25,1.8172,1.8431,1.7912,1.8042,0.011,1.584
2003-09-26,1.8094,1.8431,1.7912,1.8172,0.005,1.588
2003-09-29,1.7912,1.8431,1.7782,1.8431,0.008,1.593
2003-09-30,1.8639,1.8639,1.8172,1.8172,0.007,1.598
2003-10-01,1.8172,1.8198,1.8172,1.8172,0.004,1.603
2003-10-02,1.8172,1.8223,1.7782,1.8223,0.005,1.608
2003-10-03,1.8561,1.8639,1.7912,1.7912,0.008,1.612
2003-10-06,1.8172,1.8172,1.8172,1.8172,0.002,1.617
2003-10-07,1.8172,1.8275,1.8172,1.8275,0.016,1.622
2003-10-08,1.8172,1.8198,1.8172,1.8172,0.001,1.626
2003-10-09,1.8223,1.8223,1.7912,1.8016,0.004,1.629
2003-10-10,1.7990,1.7990,1.7990,1.7990,0.000,1.632
2003-10-13,1.7782,1.7860,1.7652,1.7860,0.012,1.636
2003-10-14,1.7600,1.7652,1.7393,1.7523,0.007,1.639
2003-10-15,1.8431,2.0975,1.8431,2.0456,0.127,1.648
2003-10-16,2.0767,2.2169,2.0767,2.1287,0.049,1.660
2003-10-17,2.1287,2.1287,2.0274,2.0897,0.046,1.672
2003-10-20,2.0897,2.1676,2.0793,2.1287,0.024,1.683
2003-10-21,2.1313,2.5051,2.1313,2.5051,0.042,1.703
2003-10-22,2.4791,2.4791,2.3623,2.3883,0.067,1.721
2003-10-23,2.3104,2.4376,2.3104,2.3286,0.026,1.737
2003-10-24,2.3727,2.3753,2.3286,2.3286,0.009,1.753
2003-10-27,2.3363,2.3597,2.3286,2.3286,0.015,1.769
2003-10-28,2.3286,2.3597,2.2844,2.2844,0.028,1.785
2003-10-29,2.2713,2.3105,2.2582,2.2974,0.008,1.802
2003-10-30,2.3261,2.3757,2.3000,2.3757,0.008,1.820
2003-10-31,2.3548,2.4410,2.2974,2.3340,0.064,1.838
2003-11-03,2.3105,2.3105,2.0781,2.1408,0.033,1.852
2003-11-04,2.1486,2.1747,2.0912,2.1747,0.024,1.866
2003-11-05,2.1747,2.1747,2.1408,2.1538,0.006,1.878
2003-11-06,2.1538,2.1825,2.0885,2.1408,0.016,1.891
2003-11-07,2.1564,2.2452,2.1460,2.2452,0.011,1.905
2003-11-10,2.2191,2.3183,2.1930,2.1930,0.024,1.919
2003-11-11,2.2008,2.3444,2.1825,2.3444,0.021,1.935
2003-11-12,2.3470,2.3757,2.2974,2.3209,0.026,1.951
2003-11-13,2.3496,2.3731,2.3418,2.3496,0.004,1.968
2003-11-14,2.3496,2.3548,2.3235,2.3235,0.020,1.984
2003-11-17,2.3366,2.3496,2.2974,2.3444,0.010,1.999
2003-11-18,2.3235,2.3496,2.3131,2.3131,0.006,2.014
2003-11-19,2.3000,2.3261,2.2844,2.3105,0.008,2.030
2003-11-20,2.3418,2.3496,2.3235,2.3235,0.005,2.046
2003-11-21,2.3235,2.3888,2.3105,2.3157,0.013,2.062
2003-11-24,2.3366,2.3496,2.3366,2.3418,0.014,2.078
2003-11-25,2.3496,2.4410,2.3496,2.4149,0.020,2.090
2003-11-26,2.4044,2.4227,2.4044,2.4227,0.001,2.103
2003-11-28,2.4044,2.4044,2.3914,2.3914,0.001,2.113
2003-12-01,2.3496,2.3757,2.3418,2.3496,0.003,2.124
2003-12-02,2.3418,2.3888,2.3418,2.3522,0.013,2.134
2003-12-03,2.3235,2.3731,2.3235,2.3731,0.017,2.146
2003-12-04,2.3522,2.3940,2.3522,2.3601,0.005,2.158
2003-12-05,2.3496,2.3836,2.3496,2.3705,0.006,2.169
2003-12-08,2.3522,2.3548,2.3366,2.3522,0.006,2.180
2003-12-09,2.3731,2.4018,2.3522,2.4018,0.007,2.191
2003-12-10,2.3496,2.4123,2.3496,2.3522,0.016,2.201
2003-12-11,2.3392,2.3731,2.3392,2.3496,0.004,2.212
2003-12-12,2.3496,2.3757,2.3496,2.3548,0.016,2.223
2003-12-15,2.3679,2.4123,2.3679,2.3757,0.008,2.234
2003-12-16,2.3757,2.3940,2.3522,2.3940,0.004,2.246
2003-12-17,2.3757,2.3940,2.3679,2.3888,0.006,2.257
2003-12-18,2.3757,2.4018,2.3522,2.3888,0.019,2.269
2003-12-19,2.3888,2.4175,2.3888,2.4018,0.012,2.281
2003-12-22,2.4018,2.4018,2.3757,2.3757,0.007,2.292
2003-12-23,2.3888,2.4149,2.3888,2.3914,0.006,2.304
2003-12-24,2.3966,2.4149,2.3757,2.3888,0.009,2.317
2003-12-26,2.3914,2.3914,2.3914,2.3914,0.001,2.324
2003-12-29,2.3757,2.5324,2.3757,2.5324,0.027,2.332
2003-12-30,2.5454,2.5976,2.5324,2.5324,0.339,2.341
2003-12-31,2.5063,2.6107,2.4802,2.5585,0.031,2.349
2004-01-02,2.5846,2.6107,2.5454,2.5924,0.007,2.351
2004-01-05,2.5741,2.7647,2.5454,2.7647,0.049,2.359
2004-01-06,2.7804,2.7804,2.6107,2.6629,0.021,2.365
2004-01-07,2.6237,2.6890,2.6107,2.6890,0.015,2.373
2004-01-08,2.7099,2.7386,2.6942,2.7386,0.011,2.381
2004-01-09,2.7151,2.7699,2.7125,2.7438,0.018,2.390
2004-01-12,2.7282,2.7882,2.7021,2.7882,0.015,2.400
2004-01-13,2.7673,2.8065,2.7203,2.8065,0.005,2.408
2004-01-14,2.8065,2.8665,2.7673,2.8665,0.048,2.419
2004-01-15,2.8718,2.8979,2.8718,2.8718,0.006,2.434
2004-01-16,2.8874,2.9240,2.8430,2.8587,0.009,2.447
2004-01-20,2.8587,2.8665,2.8222,2.8587,0.009,2.461
2004-01-21,2.8613,2.9109,2.8587,2.8718,0.009,2.476
2004-01-22,2.8848,2.9501,2.8718,2.9396,0.018,2.490
2004-01-23,2.9605,2.9605,2.8718,2.9109,0.029,2.504
2004-01-26,2.9370,2.9370,2.8613,2.9344,0.031,2.516
2004-01-27,2.9109,2.9240,2.8613,2.8613,0.040,2.527
2004-01-28,2.8590,2.8776,2.8352,2.8352,0.005,2.537
2004-01-29,2.8564,2.8564,2.7267,2.8061,0.012,2.546
2004-01-30,2.8405,2.8590,2.8326,2.8564,0.004,2.557
2004-02-02,2.8855,2.9517,2.8670,2.9120,0.010,2.569
2004-02-03,2.9384,2.9384,2.8590,2.8643,0.015,2.580
2004-02-04,2.8617,2.8855,2.8458,2.8458,0.006,2.590
2004-02-05,2.8723,2.8723,2.8458,2.8458,0.005,2.601
2004-02-06,2.8458,2.8458,2.7955,2.8193,0.009,2.610
2004-02-09,2.8326,2.8326,2.7267,2.7267,0.013,2.616
2004-02-10,2.7531,2.7558,2.7161,2.7452,0.009,2.623
2004-02-11,2.7531,2.7531,2.6102,2.6473,0.014,2.628
2004-02-12,2.6340,2.7770,2.6340,2.7161,0.015,2.635
2004-02-13,2.6870,2.6975,2.6393,2.6684,0.273,2.642
2004-02-17,2.6473,2.7002,2.6473,2.6870,0.044,2.648
2004-02-18,2.6473,2.7134,2.6473,2.7002,0.039,2.655
2004-02-19,2.7267,2.7293,2.7134,2.7267,0.014,2.662
2004-02-20,2.7267,2.7664,2.7267,2.7664,0.017,2.670
2004-02-23,2.7664,2.7664,2.7399,2.7399,0.014,2.677
2004-02-24,2.7531,2.7531,2.5546,2.6870,0.119,2.684
2004-02-25,2.6870,2.6870,2.6208,2.6737,0.036,2.690
2004-02-26,2.6473,2.7796,2.6473,2.7426,0.015,2.698
2004-02-27,2.7134,2.7743,2.7134,2.7743,0.003,2.706
2004-03-01,2.7743,2.8776,2.7399,2.8776,0.009,2.715
2004-03-02,2.8987,2.8987,2.8326,2.8987,0.007,2.726
2004-03-03,2.8723,2.9623,2.8723,2.9252,0.009,2.736
2004-03-04,2.9384,3.1767,2.9358,3.1132,0.026,2.751
2004-03-05,3.0708,3.2296,3.0708,3.1820,0.016,2.767
2004-03-08,3.1635,3.2032,3.1370,3.1502,0.013,2.782
2004-03-09,3.1741,3.1767,3.1264,3.1767,0.007,2.798
2004-03-10,3.1635,3.1635,3.1502,3.1502,0.002,2.813
2004-03-11,3.1529,3.1635,3.1396,3.1449,0.009,2.825
2004-03-12,3.1290,3.1370,3.1238,3.1238,0.020,2.837
2004-03-15,3.1502,3.1767,3.1370,3.1502,0.013,2.849
2004-03-16,3.1502,3.1502,3.1502,3.1502,0.004,2.860
2004-03-17,3.1767,3.1767,3.1502,3.1635,0.001,2.868
2004-03-18,3.1502,3.2032,3.1238,3.1238,0.013,2.877
2004-03-19,3.1635,3.1767,3.1238,3.1370,0.005,2.886
2004-03-22,3.1105,3.1105,3.0443,3.0999,0.007,2.893
2004-03-23,3.0708,3.1926,3.0708,3.1767,0.007,2.902
2004-03-24,3.1714,3.2032,3.1635,3.1767,0.003,2.910
2004-03-25,3.1502,3.1767,3.1238,3.1502,0.010,2.917
2004-03-26,3.1502,3.1767,3.1502,3.1529,0.010,2.922
2004-03-29,3.1767,3.1767,3.1661,3.1661,0.004,2.928
2004-03-30,3.1767,3.3488,3.1529,3.3064,0.015,2.937
2004-03-31,3.2799,3.3091,3.2429,3.2958,0.028,2.946
2004-04-01,3.3038,3.4917,3.2852,3.4679,0.010,2.958
2004-04-02,3.4414,3.4520,3.3541,3.3541,0.007,2.966
2004-04-05,3.4070,3.4176,3.3541,3.3647,0.013,2.975
2004-04-06,3.3620,3.3620,3.3594,3.3620,0.002,2.984
2004-04-07,3.3620,3.3620,3.3091,3.3355,0.018,2.993
2004-04-08,3.3488,3.3488,3.3091,3.3223,0.014,3.003
2004-04-12,3.3355,3.3488,3.3091,3.3355,0.004,3.014
2004-04-13,3.3620,3.3699,3.3091,3.3091,0.010,3.023
2004-04-14,3.3091,3.3091,3.2429,3.2429,0.004,3.029
2004-04-15,3.2164,3.2164,3.0973,3.0973,0.008,3.034
2004-04-16,3.0973,3.0973,2.9782,2.9782,0.006,3.037
2004-04-19,2.9649,2.9914,2.8855,2.9040,0.008,3.038
2004-04-20,2.8987,2.8987,2.8511,2.8590,0.005,3.039
2004-04-21,2.8696,2.8723,2.8193,2.8220,0.005,3.040
2004-04-22,2.8220,2.8458,2.8220,2.8246,0.002,3.042
2004-04-23,2.8087,2.8326,2.6393,2.6499,0.022,3.042
2004-04-26,2.6473,2.6817,2.6473,2.6605,0.014,3.041
2004-04-27,2.6764,2.8193,2.6764,2.7531,0.011,3.043
2004-04-28,2.7324,2.7405,2.7028,2.7028,0.002,3.043
2004-04-29,2.7405,2.7781,2.7378,2.7781,0.003,3.045
2004-04-30,2.7539,2.7646,2.7002,2.7297,0.009,3.045
2004-05-03,2.7539,2.7620,2.7002,2.7002,0.004,3.043
2004-05-04,2.6867,2.7405,2.6867,2.7136,0.008,3.043
2004-05-05,2.7002,2.7270,2.6384,2.6760,0.016,3.043
2004-05-06,2.6787,2.7136,2.6787,2.7055,0.003,3.043
2004-05-07,2.7136,2.7646,2.6599,2.6867,0.014,3.042
2004-05-10,2.6733,2.7002,2.6652,2.6733,0.006,3.040
2004-05-11,2.6599,2.7270,2.6599,2.6867,0.003,3.036
2004-05-12,2.6599,2.6599,2.6061,2.6061,0.003,3.030
2004-05-13,2.6196,2.6196,2.3643,2.4691,0.011,3.021
2004-05-14,2.4798,2.4798,2.4180,2.4180,0.002,3.007
2004-05-17,2.4180,2.4798,2.4180,2.4798,0.006,2.993
2004-05-18,2.4798,2.4852,2.3912,2.3912,0.015,2.978
2004-05-19,2.4180,2.4987,2.4180,2.4987,0.012,2.965
2004-05-20,2.4718,2.5201,2.4718,2.5201,0.002,2.952
2004-05-21,2.5228,2.5793,2.5228,2.5793,0.006,2.941
2004-05-24,2.5793,2.6975,2.5793,2.6840,0.002,2.932
2004-05-25,2.7082,2.7136,2.6599,2.6867,0.002,2.923
2004-05-26,2.6599,2.7136,2.6599,2.6867,0.002,2.913
2004-05-27,2.7673,2.7673,2.7109,2.7109,0.003,2.904
2004-05-28,2.7136,2.7270,2.7082,2.7136,0.002,2.896
2004-06-01,2.6867,2.6867,2.6222,2.6222,0.002,2.886
2004-06-02,2.6196,2.6867,2.6196,2.6867,0.002,2.877
2004-06-03,2.7109,2.7109,2.6867,2.6867,0.001,2.868
2004-06-04,2.7109,2.7109,2.7109,2.7109,0.001,2.858
2004-06-07,2.7028,2.7136,2.7028,2.7082,0.005,2.850
2004-06-08,2.6867,2.7620,2.6867,2.7002,0.011,2.840
2004-06-09,2.6867,2.7243,2.6867,2.6975,0.005,2.831
2004-06-10,2.6867,2.8076,2.6867,2.8076,0.011,2.821
2004-06-14,2.7942,2.8345,2.7808,2.8345,0.016,2.812
2004-06-15,2.8211,2.8829,2.8211,2.8748,0.008,2.800
2004-06-16,2.8748,2.9151,2.8479,2.8560,0.007,2.790
2004-06-17,2.8721,2.9097,2.8721,2.9017,0.006,2.781
2004-06-18,2.8748,2.9285,2.8506,2.8533,0.013,2.771
2004-06-21,2.8506,2.9151,2.8345,2.9151,0.008,2.762
2004-06-22,2.9366,2.9554,2.8882,2.9285,0.008,2.754
2004-06-23,2.9393,2.9554,2.9151,2.9554,0.005,2.747
2004-06-24,2.9554,3.0091,2.9554,2.9823,0.033,2.740
2004-06-25,2.9984,3.1408,2.9823,2.9823,0.021,2.735
2004-06-28,3.0091,3.0629,2.9876,3.0226,0.021,2.733
2004-06-29,3.0306,3.0360,3.0226,3.0360,0.011,2.735
2004-06-30,3.0387,3.0467,3.0226,3.0226,0.005,2.737
2004-07-01,3.0226,3.0441,3.0226,3.0360,0.014,2.741
2004-07-02,3.0736,3.0736,3.0494,3.0629,0.009,2.745
2004-07-06,3.0767,3.1166,3.0767,3.1032,0.013,2.751
2004-07-07,3.1166,3.1435,3.1166,3.1166,0.002,2.760
2004-07-08,3.1381,3.1703,3.1032,3.1569,0.029,2.770
2004-07-09,3.1569,3.1703,3.1435,3.1569,0.013,2.778
2004-07-12,3.1569,3.2214,3.1569,3.1972,0.026,2.788
2004-07-13,3.1891,3.2241,3.1569,3.1972,0.023,2.797
2004-07-14,3.2241,3.2644,3.2187,3.2644,0.020,2.807
2004-07-15,3.2509,3.2778,3.2509,3.2778,0.015,2.819
2004-07-16,3.2859,3.3557,3.2644,3.3315,0.019,2.831
2004-07-19,3.3584,3.3584,3.2778,3.2778,0.011,2.843
2004-07-20,3.3181,3.3584,3.3181,3.3369,0.018,2.856
2004-07-21,3.3181,3.3557,3.3181,3.3450,0.013,2.869
2004-07-22,3.3315,3.3530,3.3181,3.3342,0.019,2.882
2004-07-23,3.3557,3.3557,3.2540,3.3315,0.011,2.895
2004-07-26,3.3047,3.3047,3.2644,3.2644,0.001,2.908
2004-07-27,3.2509,3.2536,3.2187,3.2187,0.004,2.923
2004-07-28,3.1974,3.1974,3.0886,3.1811,0.003,2.939
2004-07-29,3.1566,3.2899,2.9933,3.2763,0.024,2.954
2004-07-30,3.3063,3.3879,3.2926,3.3879,0.022,2.974
2004-08-02,3.4015,3.4015,3.2872,3.3743,0.013,2.992
2004-08-03,3.3743,3.3743,3.2518,3.2518,0.019,3.007
2004-08-04,3.2518,3.2518,3.2518,3.2518,0.000,3.020
2004-08-05,3.2382,3.2382,3.1430,3.1430,0.003,3.029
2004-08-06,3.1158,3.1294,2.9525,2.9933,0.023,3.035
2004-08-09,2.9933,3.0314,2.9661,2.9960,0.007,3.041
2004-08-10,3.0341,3.0559,2.9933,2.9933,0.002,3.047
2004-08-11,3.0069,3.0069,2.9117,2.9117,0.004,3.051
2004-08-12,2.9389,2.9416,2.9008,2.9389,0.004,3.057
2004-08-13,2.9715,3.0096,2.9661,2.9933,0.012,3.064
2004-08-16,3.0205,3.0205,2.9960,2.9960,0.003,3.070
2004-08-17,2.9933,2.9933,2.9389,2.9525,0.020,3.075
2004-08-18,2.9525,3.0205,2.9525,3.0205,0.015,3.081
2004-08-19,2.9906,3.0341,2.9797,2.9960,0.004,3.087
2004-08-20,2.9933,3.0069,2.9797,3.0069,0.004,3.093
2004-08-23,3.0069,3.0205,3.0069,3.0205,0.001,3.097
2004-08-24,3.0341,3.1022,3.0341,3.1022,0.005,3.103
2004-08-25,3.1294,3.1294,3.0750,3.1239,0.007,3.108
2004-08-26,3.1294,3.1294,3.1022,3.1022,0.004,3.112
2004-08-27,3.0886,3.1158,3.0750,3.1158,0.001,3.117
2004-08-30,3.1294,3.1294,3.0341,3.0341,0.003,3.120
2004-08-31,3.0341,3.0586,3.0341,3.0586,0.002,3.123
2004-09-01,3.0423,3.0641,2.9933,3.0423,0.004,3.125
2004-09-02,3.0423,3.0423,3.0423,3.0423,0.000,3.127
2004-09-03,3.0613,3.0613,3.0423,3.0423,0.001,3.128
2004-09-07,3.0477,3.0886,3.0477,3.0668,0.001,3.130
2004-09-08,3.0613,3.0750,3.0586,3.0750,0.007,3.131
2004-09-09,3.0886,3.1158,3.0777,3.0777,0.003,3.132
2004-09-10,3.0777,3.1294,3.0396,3.0396,0.003,3.132
2004-09-13,3.0613,3.0886,3.0341,3.0613,0.008,3.133
2004-09-14,3.0559,3.0613,3.0341,3.0613,0.003,3.133
2004-09-15,3.0613,3.0750,3.0505,3.0505,0.011,3.132
2004-09-16,3.0260,3.0260,2.9933,2.9960,0.006,3.129
2004-09-17,3.0069,3.0341,2.9933,3.0341,0.007,3.127
2004-09-20,3.0341,3.0341,3.0260,3.0341,0.008,3.124
2004-09-21,3.0205,3.0205,2.9988,3.0205,0.007,3.121
2004-09-22,3.0178,3.0178,2.9988,3.0178,0.009,3.117
2004-09-23,2.9988,3.0069,2.9988,3.0069,0.008,3.112
2004-09-24,3.0205,3.0232,2.9988,3.0232,0.015,3.107
2004-09-27,3.0341,3.0586,3.0314,3.0341,0.008,3.101
2004-09-28,3.0668,3.0668,3.0232,3.0232,0.008,3.096
2004-09-29,3.0341,3.0477,3.0260,3.0341,0.052,3.090
2004-09-30,3.0423,3.0613,3.0341,3.0613,0.026,3.084
2004-10-01,3.0750,3.0886,3.0750,3.0750,0.003,3.079
2004-10-04,3.0886,3.2110,3.0886,3.1974,0.015,3.076
2004-10-05,3.2246,3.4695,3.2246,3.3063,0.042,3.077
2004-10-06,3.3335,3.3743,3.2926,3.2926,0.009,3.079
2004-10-07,3.3144,3.3471,3.3063,3.3471,0.008,3.082
2004-10-08,3.3307,3.3525,3.3307,3.3471,0.005,3.083
2004-10-11,3.3471,3.3552,3.3362,3.3471,0.005,3.083
2004-10-12,3.3471,3.4423,3.2818,3.3307,0.028,3.082
2004-10-13,3.3063,3.3307,3.2790,3.3063,0.012,3.083
2004-10-14,3.2790,3.2790,3.2654,3.2763,0.009,3.083
2004-10-15,3.2709,3.2790,3.2110,3.2627,0.005,3.086
2004-10-18,3.2382,3.2654,3.2382,3.2382,0.003,3.091
2004-10-19,3.2028,3.2028,3.1022,3.1294,0.015,3.093
2004-10-20,3.1566,3.1838,3.0750,3.0750,0.027,3.095
2004-10-21,3.0994,3.1294,3.0994,3.1294,0.002,3.099
2004-10-22,3.1294,3.1430,3.1022,3.1294,0.038,3.103
2004-10-25,3.1158,3.2382,3.1158,3.2382,0.005,3.108
2004-10-26,3.2654,3.3199,3.2409,3.2845,0.015,3.114
2004-10-27,3.2926,3.3471,3.2518,3.3199,0.011,3.121
2004-10-28,3.2926,3.3199,3.2518,3.2790,0.005,3.126
2004-10-29,3.2926,3.3335,3.2409,3.2682,0.008,3.132
2004-11-01,3.2505,3.3607,3.2505,3.3607,0.005,3.139
2004-11-02,3.3194,3.3359,3.2808,3.3056,0.007,3.145
2004-11-03,3.3607,3.3717,3.3056,3.3331,0.008,3.149
2004-11-04,3.3083,3.3552,3.2670,3.2670,0.012,3.152
2004-11-05,3.3717,3.3717,3.1844,3.1871,0.007,3.154
2004-11-08,3.2119,3.2229,3.1871,3.2229,0.003,3.156
2004-11-09,3.2174,3.2670,3.2174,3.2643,0.010,3.160
2004-11-10,3.2835,3.2863,3.2505,3.2505,0.004,3.164
2004-11-11,3.3056,3.3331,3.2780,3.2918,0.018,3.169
2004-11-12,3.3056,3.3056,3.2780,3.3056,0.011,3.175
2004-11-15,3.3194,3.3552,3.2918,3.2918,0.004,3.180
2004-11-16,3.2505,3.3056,3.2505,3.3056,0.004,3.184
2004-11-17,3.2973,3.3056,3.2670,3.3056,0.008,3.189
2004-11-18,3.3056,3.3469,3.3056,3.3469,0.007,3.194
2004-11-19,3.3469,3.3910,3.3469,3.3469,0.019,3.200
2004-11-22,3.3497,3.3497,3.3469,3.3469,0.004,3.206
2004-11-23,3.3469,3.3689,3.3056,3.3056,0.008,3.211
2004-11-24,3.3083,3.3882,3.3083,3.3469,0.009,3.217
2004-11-26,3.3469,3.3469,3.3469,3.3469,0.000,3.224
2004-11-29,3.3469,3.3882,3.3469,3.3469,0.005,3.230
2004-11-30,3.3662,3.3662,3.3469,3.3662,0.003,3.237
2004-12-01,3.3882,3.4351,3.3689,3.3745,0.010,3.244
2004-12-02,3.3745,3.4020,3.3056,3.3056,0.012,3.250
2004-12-03,3.3524,3.4295,3.3524,3.3689,0.004,3.257
2004-12-06,3.3469,3.4240,3.3469,3.3469,0.007,3.263
2004-12-07,3.3469,3.4406,3.3469,3.3607,0.013,3.270
2004-12-08,3.3469,3.3992,3.3469,3.3772,0.002,3.277
2004-12-09,3.3552,3.4543,3.3469,3.3552,0.011,3.283
2004-12-10,3.4103,3.4103,3.3745,3.3745,0.003,3.290
2004-12-13,3.3745,3.4571,3.3745,3.4158,0.006,3.297
2004-12-14,3.4378,3.4378,3.3800,3.3800,0.001,3.300
2004-12-15,3.3607,3.3882,3.3607,3.3745,0.003,3.302
2004-12-16,3.3745,3.3745,3.3745,3.3745,0.003,3.303
2004-12-17,3.3772,3.4295,3.3745,3.3745,0.006,3.304
2004-12-20,3.3745,3.4130,3.3745,3.4103,0.004,3.305
2004-12-21,3.3882,3.4406,3.3882,3.4378,0.006,3.307
2004-12-22,3.4433,3.5260,3.4433,3.5122,0.009,3.310
2004-12-23,3.4984,3.4984,3.4709,3.4709,0.009,3.314
2004-12-27,3.4709,3.4709,3.4433,3.4461,0.004,3.317
2004-12-28,3.4461,3.4516,3.4433,3.4516,0.026,3.321
2004-12-29,3.4461,3.4571,3.4433,3.4461,0.004,3.325
2004-12-30,3.4433,3.4598,3.4433,3.4598,0.005,3.332
2004-12-31,3.4598,3.4901,3.4571,3.4709,0.012,3.340
2005-01-03,3.4709,3.4709,3.3359,3.3359,0.023,3.344
2005-01-04,3.3441,3.3910,3.3359,3.3359,0.002,3.348
2005-01-05,3.3111,3.3386,3.3111,3.3331,0.003,3.350
2005-01-06,3.3194,3.3331,3.3194,3.3331,0.003,3.351
2005-01-07,3.3469,3.3469,3.3056,3.3056,0.002,3.350
2005-01-10,3.3056,3.3304,3.2891,3.3194,0.002,3.351
2005-01-11,3.3304,3.3304,3.3221,3.3304,0.001,3.353
2005-01-12,3.3194,3.3276,3.2395,3.2918,0.020,3.351
2005-01-13,3.2395,3.2973,3.2367,3.2973,0.005,3.351
2005-01-14,3.2780,3.2780,3.2229,3.2367,0.009,3.349
2005-01-18,3.2312,3.2367,3.2229,3.2367,0.010,3.348
2005-01-19,3.2367,3.2367,3.2147,3.2367,0.008,3.349
2005-01-20,3.2229,3.3028,3.2229,3.3028,0.008,3.351
2005-01-21,3.3056,3.3331,3.3056,3.3331,0.005,3.352
2005-01-24,3.3717,3.3745,3.1982,3.2229,0.004,3.352
2005-01-25,3.3056,3.3745,3.3001,3.3001,0.010,3.352
2005-01-26,3.3001,3.3001,3.3001,3.3001,0.000,3.352
2005-01-27,3.3342,3.3342,3.2505,3.2505,0.003,3.351
2005-01-28,3.2644,3.2896,3.2644,3.2644,0.002,3.350
2005-01-31,3.2226,3.2644,3.1696,3.1863,0.008,3.348
2005-02-01,3.1166,3.2868,3.1166,3.2505,0.009,3.346
2005-02-02,3.2086,3.2505,3.2086,3.2226,0.010,3.343
2005-02-03,3.2114,3.2282,3.2114,3.2282,0.004,3.341
2005-02-04,3.2254,3.2254,3.1947,3.1947,0.014,3.339
2005-02-07,3.1528,3.1528,3.0691,3.0719,0.014,3.333
2005-02-08,3.1082,3.2644,3.1082,3.2644,0.093,3.332
2005-02-09,3.2700,3.3760,3.1528,3.1528,0.015,3.328
2005-02-10,3.1528,3.2644,3.1528,3.1947,0.012,3.324
2005-02-11,3.2226,3.2226,3.1835,3.1835,0.002,3.321
2005-02-14,3.1835,3.1835,3.1249,3.1249,0.002,3.317
2005-02-15,3.0831,3.1361,3.0831,3.1138,0.009,3.312
2005-02-16,3.1138,3.1138,3.0719,3.0719,0.009,3.306
2005-02-17,3.0747,3.1361,3.0747,3.1333,0.005,3.302
2005-02-18,3.1249,3.1807,3.1249,3.1724,0.005,3.298
2005-02-22,3.1528,3.1528,3.1249,3.1500,0.004,3.294
2005-02-23,3.1249,3.1807,3.1249,3.1807,0.002,3.290
2005-02-24,3.1528,3.1724,3.0691,3.1026,0.008,3.283
2005-02-25,3.0970,3.1528,3.0970,3.1528,0.005,3.279
2005-02-28,3.1947,3.2086,3.1528,3.1807,0.007,3.275
2005-03-01,3.1528,3.2086,3.0747,3.2086,0.018,3.272
2005-03-02,3.2086,3.3593,3.2086,3.3481,0.091,3.271
2005-03-03,3.3481,3.3621,3.2868,3.3481,0.043,3.270
2005-03-04,3.3063,3.3733,3.3063,3.3705,0.017,3.269
2005-03-07,3.3733,3.4012,3.3537,3.3760,0.007,3.266
2005-03-08,3.3202,3.3202,3.0831,3.0831,0.027,3.258
2005-03-09,2.9436,2.9994,2.8180,2.9017,0.059,3.247
2005-03-10,2.8599,2.8850,2.8320,2.8655,0.021,3.236
2005-03-11,2.8069,2.8376,2.7232,2.7762,0.039,3.222
2005-03-14,2.8180,2.8599,2.7901,2.7957,0.016,3.209
2005-03-15,2.7678,2.8013,2.7566,2.7706,0.020,3.195
2005-03-16,2.7483,2.7873,2.7148,2.7873,0.030,3.184
2005-03-17,2.7762,2.7873,2.7566,2.7622,0.016,3.172
2005-03-18,2.7204,2.7622,2.6980,2.7622,0.018,3.161
2005-03-21,2.7873,2.7873,2.7064,2.7343,0.048,3.149
2005-03-22,2.7204,2.7511,2.7204,2.7511,0.014,3.138
2005-03-23,2.7762,2.7762,2.7622,2.7622,0.008,3.127
2005-03-24,2.7343,2.7594,2.7315,2.7427,0.024,3.115
2005-03-28,2.7427,2.7511,2.7204,2.7204,0.003,3.104
2005-03-29,2.6925,2.7204,2.5167,2.5390,0.013,3.088
2005-03-30,2.5111,2.5111,2.3716,2.4553,0.022,3.073
2005-03-31,2.4135,2.4832,2.3716,2.4832,0.027,3.058
2005-04-01,2.4553,2.4972,2.3716,2.4441,0.083,3.042
2005-04-04,2.4051,2.4860,2.3019,2.4525,0.028,3.025
2005-04-05,2.3939,2.4497,2.3716,2.4497,0.006,3.007
2005-04-06,2.4414,2.4972,2.4414,2.4609,0.002,2.992
2005-04-07,2.4832,2.4999,2.4609,2.4999,0.008,2.976
2005-04-08,2.4860,2.5864,2.4860,2.5446,0.008,2.961
2005-04-11,2.5195,2.5446,2.4860,2.5111,0.005,2.946
2005-04-12,2.5334,2.5334,2.5111,2.5251,0.003,2.931
2005-04-13,2.5139,2.5139,2.4553,2.5027,0.006,2.918
2005-04-14,2.4553,2.5111,2.4553,2.4581,0.003,2.902
2005-04-15,2.4274,2.4972,2.4274,2.4972,0.005,2.887
2005-04-18,2.4525,2.5446,2.4414,2.5251,0.005,2.873
2005-04-19,2.4693,2.4944,2.4693,2.4832,0.010,2.859
2005-04-20,2.4553,2.4972,2.4553,2.4972,0.000,2.847
2005-04-21,2.4720,2.5446,2.4720,2.5446,0.003,2.833
2005-04-22,2.4832,2.5362,2.4832,2.5362,0.001,2.821
2005-04-25,2.5669,2.6088,2.5669,2.5837,0.007,2.809
2005-04-26,2.6004,2.7734,2.6004,2.7734,0.011,2.800
2005-04-27,2.7845,2.7901,2.6506,2.7064,0.021,2.792
2005-04-28,2.7206,2.7206,2.7036,2.7036,0.001,2.784
2005-04-29,2.7065,2.7065,2.5789,2.6498,0.008,2.775
2005-05-02,2.6214,2.6214,2.5081,2.5506,0.005,2.764
2005-05-03,2.5223,2.5648,2.4911,2.5194,0.005,2.751
2005-05-04,2.4372,2.5931,2.4316,2.5563,0.009,2.739
2005-05-05,2.5563,2.5648,2.5563,2.5648,0.001,2.726
2005-05-06,2.5846,2.6469,2.5789,2.6469,0.006,2.717
2005-05-09,2.6214,2.6214,2.5789,2.6073,0.002,2.706
2005-05-10,2.6186,2.6441,2.5789,2.5789,0.004,2.694
2005-05-11,2.5789,2.5903,2.5789,2.5789,0.006,2.682
2005-05-12,2.5988,2.6469,2.5648,2.5648,0.004,2.666
2005-05-13,2.5648,2.5648,2.5648,2.5648,0.002,2.650
2005-05-16,2.5846,2.6441,2.5648,2.5648,0.001,2.634
2005-05-17,2.5761,2.5761,2.5761,2.5761,0.000,2.618
2005-05-18,2.5506,2.5506,2.4939,2.5393,0.007,2.607
2005-05-19,2.4684,2.6044,2.4684,2.5364,0.008,2.600
2005-05-20,2.5648,2.6186,2.5648,2.6186,0.002,2.595
2005-05-23,2.5931,2.7206,2.5931,2.7206,0.009,2.594
2005-05-24,2.7206,2.7206,2.6640,2.6640,0.021,2.591
2005-05-25,2.6356,2.6753,2.5789,2.6753,0.006,2.590
2005-05-26,2.6441,2.6498,2.5789,2.5789,0.006,2.585
2005-05-27,2.6214,2.6554,2.5988,2.6554,0.226,2.583
2005-05-31,2.6640,2.6640,2.6214,2.6640,0.004,2.581
2005-06-01,2.6356,2.6611,2.6356,2.6498,0.003,2.580
2005-06-02,2.6299,2.6356,2.5931,2.5931,0.006,2.576
2005-06-03,2.5789,2.6384,2.5364,2.5506,0.010,2.572
2005-06-06,2.5364,2.5648,2.5364,2.5506,0.002,2.568
2005-06-07,2.5364,2.5931,2.4939,2.5931,0.005,2.566
2005-06-08,2.6186,2.7915,2.6186,2.7631,0.021,2.570
2005-06-09,2.6923,2.6923,2.6328,2.6781,0.034,2.575
2005-06-10,2.6611,2.6640,2.6214,2.6214,0.011,2.578
2005-06-13,2.6073,2.6073,2.5931,2.5931,0.001,2.580
2005-06-14,2.5789,2.6498,2.5761,2.6498,0.019,2.584
2005-06-15,2.6413,2.6640,2.6356,2.6356,0.011,2.588
2005-06-16,2.6356,2.6469,2.6101,2.6271,0.009,2.591
2005-06-17,2.5789,2.6356,2.5789,2.6356,0.007,2.594
2005-06-20,2.6356,2.6356,2.6073,2.6356,0.001,2.596
2005-06-21,2.6328,2.6356,2.5506,2.6073,0.010,2.598
2005-06-22,2.5789,2.6186,2.5506,2.5931,0.013,2.599
2005-06-23,2.5789,2.6073,2.5789,2.6073,0.004,2.601
2005-06-24,2.6016,2.6016,2.5534,2.5534,0.003,2.603
2005-06-27,2.5903,2.7660,2.5903,2.7631,0.027,2.609
2005-06-28,2.7773,2.7886,2.7206,2.7206,0.014,2.613
2005-06-29,2.7206,2.7490,2.6838,2.6951,0.008,2.617
2005-06-30,2.6640,2.6640,2.6498,2.6611,0.001,2.620
2005-07-01,2.6640,2.6866,2.6469,2.6866,0.016,2.623
2005-07-05,2.6781,2.7348,2.6781,2.7348,0.005,2.627
2005-07-06,2.7065,2.9020,2.7065,2.8595,0.027,2.632
2005-07-07,2.9048,2.9757,2.8935,2.9729,0.013,2.636
2005-07-08,2.9729,3.1174,2.9729,3.0919,0.016,2.644
2005-07-11,3.1174,3.1372,3.0040,3.0182,0.019,2.650
2005-07-12,3.0324,3.0465,2.9615,3.0465,0.017,2.658
2005-07-13,3.0040,3.0125,2.8850,2.9502,0.012,2.666
2005-07-14,2.9785,3.0125,2.9700,2.9700,0.004,2.675
2005-07-15,3.0040,3.0182,2.9729,2.9757,0.013,2.684
2005-07-18,2.9899,3.0805,2.9899,3.0805,0.014,2.694
2005-07-19,3.0749,3.1882,3.0749,3.1741,0.011,2.705
2005-07-20,3.2166,3.2648,3.2024,3.2591,0.019,2.718
2005-07-21,3.2591,3.2591,3.1344,3.1344,0.006,2.729
2005-07-22,3.1882,3.1882,3.1741,3.1854,0.008,2.741
2005-07-25,3.1882,3.3554,3.1882,3.2251,0.015,2.754
2005-07-26,3.2478,3.2619,3.1882,3.2364,0.018,2.767
2005-07-27,3.2322,3.2322,3.0857,3.1231,0.013,2.779
2005-07-28,3.0886,3.1547,3.0886,3.1231,0.006,2.790
2005-07-29,3.1518,3.3184,3.1518,3.2351,0.004,2.803
2005-08-01,3.2753,3.2753,3.2610,3.2725,0.015,2.818
2005-08-02,3.2725,3.3615,3.2638,3.3357,0.027,2.833
2005-08-03,3.3615,3.4908,3.3328,3.4477,0.052,2.847
2005-08-04,3.3931,3.4477,3.3903,3.3931,0.018,2.862
2005-08-05,3.3903,3.4190,3.3903,3.3903,0.016,2.876
2005-08-08,3.4046,3.4046,3.3328,3.3357,0.010,2.891
2005-08-09,3.3472,3.3472,3.2035,3.3012,0.014,2.904
2005-08-10,3.2322,3.2983,3.2322,3.2954,0.005,2.917
2005-08-11,3.2983,3.2983,3.2322,3.2443,0.001,2.929
2005-08-12,3.2466,3.2466,3.1432,3.1460,0.012,2.940
2005-08-15,3.1719,3.1805,3.1317,3.1604,0.014,2.952
2005-08-16,3.1259,3.1949,3.1259,3.1949,0.005,2.965
2005-08-17,3.2006,3.2035,3.1748,3.2035,0.003,2.977
2005-08-18,3.1863,3.2466,3.1863,3.2035,0.007,2.986
2005-08-19,3.2179,3.3184,3.2064,3.3184,0.009,2.998
2005-08-22,3.3069,3.3184,3.2748,3.2983,0.004,3.012
2005-08-23,3.2811,3.2811,3.2035,3.2409,0.005,3.025
2005-08-24,3.2179,3.2179,3.2035,3.2179,0.005,3.036
2005-08-25,3.2035,3.2035,3.1604,3.1604,0.007,3.047
2005-08-26,3.1575,3.1575,3.1029,3.1231,0.008,3.057
2005-08-29,3.0742,3.1173,3.0742,3.0771,0.009,3.066
2005-08-30,3.0857,3.0915,3.0196,3.0196,0.007,3.073
2005-08-31,3.0168,3.0915,3.0168,3.0570,0.014,3.082
2005-09-01,3.0915,3.1173,3.0541,3.1173,0.004,3.093
2005-09-02,3.1891,3.4017,3.1891,3.3615,0.047,3.108
2005-09-06,3.3472,3.3759,3.2236,3.3328,0.008,3.123
2005-09-07,3.2725,3.2897,3.2035,3.2035,0.005,3.132
2005-09-08,3.2207,3.2207,3.1317,3.1317,0.013,3.140
2005-09-09,3.1604,3.2466,3.1604,3.2035,0.005,3.151
2005-09-12,3.2006,3.2035,3.1633,3.1633,0.007,3.161
2005-09-13,3.1633,3.1633,3.1029,3.1604,0.010,3.170
2005-09-14,3.1547,3.1547,3.0742,3.1029,0.007,3.178
2005-09-15,3.1317,3.1604,2.9851,3.0168,0.017,3.181
2005-09-16,2.9737,3.0311,2.9306,2.9306,0.015,3.180
2005-09-19,2.9306,2.9593,2.9018,2.9162,0.006,3.176
2005-09-20,2.9449,2.9737,2.8444,2.8587,0.020,3.173
2005-09-21,2.8444,2.8760,2.7582,2.7582,0.023,3.167
2005-09-22,2.7294,2.7582,2.6720,2.7294,0.028,3.163
2005-09-23,2.7352,2.8300,2.7180,2.8041,0.005,3.160
2005-09-26,2.8731,2.8760,2.6490,2.8243,0.014,3.157
2005-09-27,2.8156,2.8156,2.7582,2.8156,0.010,3.151
2005-09-28,2.8444,2.9018,2.8013,2.8788,0.028,3.145
2005-09-29,2.8903,3.0225,2.8903,3.0225,0.004,3.141
2005-09-30,3.0053,3.3845,3.0053,3.3328,0.015,3.145
2005-10-03,3.4334,3.4477,3.2179,3.2753,0.018,3.146
2005-10-04,3.2466,3.2466,3.2294,3.2294,0.001,3.146
2005-10-05,3.1891,3.2035,3.1029,3.1259,0.020,3.144
2005-10-06,3.1317,3.1604,3.1317,3.1317,0.002,3.144
2005-10-07,3.1460,3.1460,3.1029,3.1029,0.003,3.144
2005-10-10,3.0742,3.0742,3.0599,3.0599,0.001,3.141
2005-10-11,3.0455,3.0455,2.9306,2.9938,0.007,3.135
2005-10-12,2.9880,2.9880,2.9306,2.9306,0.002,3.127
2005-10-13,2.9162,2.9162,2.8473,2.8473,0.002,3.115
2005-10-14,2.8731,2.9306,2.8530,2.8587,0.009,3.104
2005-10-17,2.8731,2.9449,2.7610,2.9334,0.016,3.095
2005-10-18,2.9047,2.9305,2.8731,2.8817,0.008,3.086
2005-10-19,2.8817,2.9737,2.8817,2.9737,0.008,3.079
2005-10-20,3.0024,3.0168,3.0024,3.0168,0.001,3.074
2005-10-21,2.9593,2.9593,2.8875,2.9162,0.006,3.067
2005-10-24,2.9306,2.9851,2.9018,2.9306,0.014,3.063
2005-10-25,2.9306,2.9449,2.8156,2.8156,0.010,3.056
2005-10-26,2.8013,2.8271,2.8013,2.8271,0.002,3.049
2005-10-27,2.8444,2.8731,2.8444,2.8731,0.003,3.042
2005-10-28,2.8817,2.8875,2.8817,2.8846,0.014,3.036
2005-10-31,2.9449,2.9593,2.7869,2.9018,0.036,3.027
2005-11-01,2.8731,2.9880,2.8731,2.9478,0.009,3.020
2005-11-02,2.9392,2.9392,2.9042,2.9392,0.006,3.014
2005-11-03,2.9187,3.0180,2.9129,2.9333,0.013,3.009
2005-11-04,2.9129,3.0034,2.8779,2.9187,0.009,3.004
2005-11-07,2.9187,3.0063,2.9187,3.0063,0.007,3.001
2005-11-08,3.0063,3.1201,3.0063,3.0793,0.027,3.002
2005-11-09,3.0939,3.1668,3.0796,3.1522,0.037,3.004
2005-11-10,3.1435,3.2106,3.1231,3.2019,0.033,3.007
2005-11-11,3.1668,3.3420,3.1607,3.2544,0.018,3.010
2005-11-14,3.3011,3.3011,3.1231,3.2281,0.008,3.007
2005-11-15,3.2690,3.2806,3.2252,3.2544,0.019,3.006
2005-11-16,3.2398,3.3332,3.2398,3.2836,0.029,3.007
2005-11-17,3.3128,3.4295,3.2836,3.4091,0.043,3.013
2005-11-18,3.4149,3.4149,3.3128,3.3274,0.003,3.015
2005-11-21,3.3857,3.4587,3.3857,3.4295,0.037,3.021
2005-11-22,3.3274,3.3566,3.2982,3.2982,0.009,3.023
2005-11-23,3.3566,3.3712,3.3274,3.3712,0.004,3.029
2005-11-25,3.3420,3.4003,3.3420,3.4003,0.003,3.036
2005-11-28,3.4149,3.4149,3.3274,3.3536,0.005,3.045
2005-11-29,3.3128,3.4149,3.3128,3.3571,0.001,3.054
2005-11-30,3.3595,3.3595,3.2982,3.2982,0.003,3.062
2005-12-01,3.2982,3.3157,3.2982,3.3128,0.006,3.073
2005-12-02,3.2982,3.2982,3.2576,3.2690,0.003,3.084
2005-12-05,3.2486,3.2515,3.1581,3.1581,0.019,3.091
2005-12-06,3.1814,3.1844,3.0793,3.1231,0.016,3.097
2005-12-07,3.1231,3.1231,3.0647,3.0647,0.006,3.102
2005-12-08,3.0647,3.2778,3.0647,3.2398,0.341,3.110
2005-12-09,3.2165,3.2398,3.1522,3.2252,0.090,3.114
2005-12-12,3.2252,3.2398,3.1873,3.2135,0.058,3.111
2005-12-13,3.2106,3.2106,3.1814,3.2048,0.055,3.110
2005-12-14,3.2077,3.2165,3.1668,3.2077,0.063,3.109
2005-12-15,3.2106,3.2194,3.1814,3.2106,0.048,3.111
2005-12-16,3.1873,3.2340,3.1814,3.1814,0.089,3.112
2005-12-19,3.2077,3.2252,3.1814,3.1989,0.024,3.114
2005-12-20,3.1814,3.2398,3.1814,3.2165,0.045,3.117
2005-12-21,3.2165,3.2194,3.1698,3.2106,0.073,3.121
2005-12-22,3.2106,3.2690,3.2106,3.2427,0.033,3.128
2005-12-23,3.2311,3.2778,3.1844,3.2456,0.036,3.136
2005-12-27,3.2544,3.2807,3.2106,3.2807,0.036,3.144
2005-12-28,3.2836,3.3857,3.2836,3.3449,0.098,3.152
2005-12-29,3.3566,3.3595,3.2865,3.2953,0.039,3.161
2005-12-30,3.2894,3.4441,3.2690,3.4003,0.059,3.169
2006-01-03,3.4003,3.5083,3.3566,3.4937,0.127,3.179
2006-01-04,3.4791,3.5025,3.3624,3.3653,0.055,3.188
2006-01-05,3.3712,3.4704,3.3507,3.4003,0.024,3.197
2006-01-06,3.3857,3.4587,3.3566,3.4062,0.030,3.209
2006-01-09,3.4295,3.4441,3.3274,3.3828,0.034,3.220
2006-01-10,3.3566,3.3566,3.2836,3.3274,0.043,3.229
2006-01-11,3.3566,3.3887,3.3332,3.3566,0.022,3.238
2006-01-12,3.3274,3.3916,3.3128,3.3916,0.009,3.248
2006-01-13,3.3566,3.7506,3.3332,3.6192,0.064,3.262
2006-01-17,3.6192,3.6192,3.3566,3.4587,0.041,3.272
2006-01-18,3.3857,3.4704,3.3712,3.4149,0.018,3.282
2006-01-19,3.4587,3.5463,3.3624,3.4967,0.090,3.293
2006-01-20,3.4587,3.6192,3.4295,3.5317,0.104,3.304
2006-01-23,3.5317,3.5755,3.4850,3.5755,0.010,3.314
2006-01-24,3.5113,3.6192,3.4908,3.5200,0.033,3.321
2006-01-25,3.5025,3.6047,3.4237,3.4412,0.023,3.326
2006-01-26,3.5025,3.5025,3.4237,3.4762,0.009,3.330
2006-01-27,3.4762,3.6338,3.4295,3.5959,0.025,3.338
2006-01-30,3.5988,3.7211,3.5463,3.6630,0.060,3.346
2006-01-31,3.6047,3.6922,3.5463,3.5901,0.081,3.352
2006-02-01,3.6226,3.7084,3.5515,3.5930,0.030,3.356
2006-02-02,3.5666,3.6107,3.5427,3.5959,0.027,3.361
2006-02-03,3.6107,3.6403,3.5515,3.6019,0.025,3.364
2006-02-06,3.5575,3.6078,3.5575,3.6078,0.021,3.371
2006-02-07,3.6078,3.6078,3.4568,3.4864,0.037,3.373
2006-02-08,3.4332,3.4332,3.3444,3.3473,0.025,3.372
2006-02-09,3.3592,3.4065,3.3503,3.3503,0.014,3.372
2006-02-10,3.3503,3.4539,3.3503,3.4391,0.014,3.373
2006-02-13,3.4776,3.5752,3.4421,3.5486,0.031,3.378
2006-02-14,3.5811,3.5959,3.5190,3.5190,0.022,3.383
2006-02-15,3.6107,3.6315,3.4924,3.4924,0.042,3.387
2006-02-16,3.4953,3.5249,3.4628,3.4628,0.014,3.393
2006-02-17,3.4480,3.4894,3.4480,3.4539,0.005,3.400
2006-02-21,3.4036,3.5486,3.4036,3.4628,0.011,3.408
2006-02-22,3.4391,3.4776,3.4332,3.4361,0.018,3.412
2006-02-23,3.4332,3.4776,3.4302,3.4391,0.014,3.416
2006-02-24,3.4776,3.5515,3.4509,3.4983,0.028,3.422
2006-02-27,3.5072,3.5515,3.4213,3.4213,0.038,3.426
2006-02-28,3.4213,3.4628,3.4213,3.4332,0.008,3.430
2006-03-01,3.4095,3.4628,3.4036,3.4184,0.025,3.435
2006-03-02,3.4628,3.4776,3.4095,3.4184,0.014,3.439
2006-03-03,3.3740,3.5072,3.3740,3.4332,0.032,3.444
2006-03-06,3.4628,3.4628,3.4036,3.4036,0.006,3.448
2006-03-07,3.4036,3.4065,3.3799,3.3799,0.014,3.451
2006-03-08,3.3976,3.3976,3.3355,3.3888,0.014,3.454
2006-03-09,3.3740,3.4036,3.3503,3.4036,0.016,3.457
2006-03-10,3.3740,3.4924,3.3740,3.4687,0.018,3.461
2006-03-13,3.4924,3.4924,3.4687,3.4687,0.002,3.464
2006-03-14,3.4332,3.4657,3.4332,3.4628,0.017,3.467
2006-03-15,3.4716,3.5427,3.4628,3.4746,0.012,3.468
2006-03-16,3.4776,3.5515,3.4776,3.5219,0.017,3.469
2006-03-17,3.4361,3.6729,3.4361,3.6196,0.094,3.474
2006-03-20,3.6196,3.6196,3.4953,3.5811,0.021,3.478
2006-03-21,3.5515,3.5959,3.5515,3.5959,0.009,3.481
2006-03-22,3.6374,3.6847,3.5663,3.6255,0.052,3.486
2006-03-23,3.6847,3.6995,3.5959,3.6847,0.023,3.493
2006-03-24,3.5515,3.6433,3.5515,3.5752,0.096,3.498
2006-03-27,3.6255,3.6522,3.5515,3.6492,0.088,3.503
2006-03-28,3.6551,3.6551,3.5663,3.5811,0.015,3.502
2006-03-29,3.6107,3.6403,3.5515,3.6107,0.030,3.505
2006-03-30,3.6107,3.6344,3.5515,3.6344,0.040,3.510
2006-03-31,3.5959,3.6936,3.4924,3.6936,0.082,3.514
2006-04-03,3.6995,3.6995,3.5811,3.5811,0.053,3.515
2006-04-04,3.5516,3.6048,3.5515,3.6048,0.055,3.515
2006-04-05,3.6019,3.6226,3.5663,3.5663,0.021,3.516
2006-04-06,3.5515,3.5663,3.5367,3.5515,0.014,3.518
2006-04-07,3.5752,3.5752,3.5072,3.5456,0.022,3.520
2006-04-10,3.0721,3.5279,3.0336,3.5279,0.342,3.518
2006-04-11,3.5131,3.6551,3.5131,3.5456,0.087,3.516
2006-04-12,3.5663,3.5871,3.4036,3.5486,0.011,3.515
2006-04-13,3.5072,3.5515,3.5072,3.5456,0.024,3.514
2006-04-17,3.5367,3.5811,3.5279,3.5515,0.015,3.513
2006-04-18,3.5397,3.5456,3.4983,3.5219,0.011,3.512
2006-04-19,3.5072,3.5663,3.4864,3.5101,0.022,3.510
2006-04-20,3.5219,3.5811,3.5219,3.5515,0.035,3.511
2006-04-21,3.5072,3.5663,3.5072,3.5515,0.024,3.515
2006-04-24,3.5663,3.5752,3.5219,3.5693,0.032,3.519
2006-04-25,3.5575,3.5811,3.5427,3.5811,0.022,3.522
2006-04-26,3.5367,3.5959,3.5367,3.5871,0.041,3.523
2006-04-27,3.5959,3.6255,3.5575,3.5634,0.021,3.524
2006-04-28,3.6638,3.6788,3.6187,3.6788,0.028,3.528
2006-05-01,3.6788,3.7209,3.6037,3.6938,0.038,3.532
2006-05-02,3.6938,3.7299,3.6481,3.7058,0.042,3.537
2006-05-03,3.7389,3.7389,3.5917,3.6428,0.018,3.541
2006-05-04,3.6488,3.7028,3.6187,3.6938,0.026,3.546
2006-05-05,3.6938,3.7659,3.6848,3.6878,0.089,3.551
2006-05-08,3.7239,3.7388,3.6638,3.7239,0.054,3.556
2006-05-09,3.7239,3.7359,3.6788,3.7148,0.028,3.561
2006-05-10,3.7148,3.7148,3.6338,3.6338,0.020,3.565
2006-05-11,3.6788,3.7088,3.6217,3.6488,0.014,3.570
2006-05-12,3.6938,3.7088,3.6007,3.6037,0.019,3.574
2006-05-15,3.5947,3.6338,3.5887,3.5887,0.019,3.577
2006-05-16,3.5917,3.6037,3.5737,3.5917,0.012,3.581
2006-05-17,3.5977,3.6037,3.5437,3.5887,0.026,3.585
2006-05-18,3.5587,3.5977,3.5437,3.5917,0.015,3.589
2006-05-19,3.6037,3.6037,3.5497,3.5737,0.014,3.592
2006-05-22,3.5437,3.5827,3.5437,3.5587,0.012,3.594
2006-05-23,3.5437,3.5587,3.5437,3.5587,0.011,3.596
2006-05-24,3.5587,3.6037,3.5257,3.5677,0.047,3.598
2006-05-25,3.5287,3.5857,3.5287,3.5797,0.007,3.600
2006-05-26,3.5797,3.6638,3.5797,3.6548,0.016,3.603
2006-05-30,3.6037,3.6127,3.5737,3.6097,0.014,3.603
2006-05-31,3.5587,3.6157,3.5587,3.6067,0.019,3.603
2006-06-01,3.6248,3.6608,3.5827,3.6608,0.009,3.604
2006-06-02,3.6488,3.6938,3.6217,3.6818,0.021,3.605
2006-06-05,3.6788,3.7389,3.6248,3.6998,0.022,3.606
2006-06-06,3.7239,3.7239,3.6788,3.6968,0.050,3.608
2006-06-07,3.6728,3.7088,3.6638,3.7088,0.013,3.609
2006-06-08,3.6938,3.6938,3.6248,3.6338,0.018,3.610
2006-06-09,3.6037,3.7359,3.6037,3.6788,0.026,3.612
2006-06-12,3.7239,3.7539,3.6668,3.7509,0.103,3.614
2006-06-13,3.7299,3.7689,3.6938,3.7599,0.070,3.615
2006-06-14,3.7239,3.8139,3.7239,3.7989,0.015,3.620
2006-06-15,3.8440,4.0092,3.8440,3.9611,0.067,3.627
2006-06-16,3.9611,4.0542,3.9040,3.9731,0.065,3.635
2006-06-19,3.9191,4.1143,3.9191,3.9761,0.071,3.644
2006-06-20,3.9641,4.0242,3.9641,3.9791,0.093,3.652
2006-06-21,4.0542,4.1233,3.9551,3.9791,0.132,3.661
2006-06-22,4.0542,4.1893,3.9491,4.1293,0.084,3.673
2006-06-23,4.2044,4.2464,3.9941,4.0542,0.055,3.683
2006-06-26,4.0842,4.1443,4.0092,4.1263,0.062,3.695
2006-06-27,4.1233,4.1233,3.9791,4.0242,0.026,3.704
2006-06-28,4.0992,4.0992,3.9040,4.0242,0.017,3.714
2006-06-29,4.0001,4.0812,3.8890,4.0242,0.109,3.724
2006-06-30,4.0542,4.1983,4.0362,4.1983,0.014,3.737
2006-07-03,4.2644,4.2644,4.0902,4.1083,0.044,3.749
2006-07-05,4.1593,4.1743,3.9641,4.0812,0.037,3.759
2006-07-06,4.0902,4.1293,4.0902,4.1293,0.019,3.770
2006-07-07,4.1293,4.1293,4.1143,4.1293,0.030,3.781
2006-07-10,4.1323,4.1443,4.1263,4.1293,0.007,3.792
2006-07-11,4.1353,4.1983,4.1083,4.1533,0.016,3.801
2006-07-12,4.1143,4.1893,4.0542,4.1593,0.020,3.811
2006-07-13,4.0992,4.1443,4.0242,4.1233,0.029,3.819
2006-07-14,4.0842,4.0842,4.0302,4.0782,0.007,3.828
2006-07-17,4.0782,4.0842,3.9941,4.0392,0.018,3.835
2006-07-18,3.7539,3.9791,3.7539,3.9401,0.056,3.840
2006-07-19,3.9791,4.0542,3.9611,4.0542,0.014,3.846
2006-07-20,4.2044,4.2044,4.1143,4.1308,0.017,3.855
2006-07-21,4.1443,4.1743,4.1368,4.1593,0.008,3.865
2006-07-24,4.0242,4.1593,4.0092,4.1593,0.018,3.875
2006-07-25,4.1743,4.1953,4.1293,4.1893,0.032,3.887
2006-07-26,4.1893,4.2044,4.1143,4.1473,0.017,3.898
2006-07-27,4.2026,4.2635,4.0047,4.1113,0.015,3.909
2006-07-28,4.0808,4.1448,3.4108,4.1113,0.007,3.919
2006-07-31,4.1417,4.1874,4.1113,4.1417,0.014,3.930
2006-08-01,4.1417,4.2453,4.1265,4.1569,0.022,3.942
2006-08-02,4.1722,4.2940,4.1722,4.2178,0.035,3.955
2006-08-03,4.2940,4.2940,4.1600,4.2483,0.054,3.969
2006-08-04,4.2483,4.2635,4.1448,4.2087,0.064,3.982
2006-08-07,4.1722,4.2635,4.1722,4.2026,0.015,3.994
2006-08-08,4.2361,4.3183,4.2209,4.2483,0.057,4.006
2006-08-09,4.3549,4.6442,4.3549,4.5711,0.113,4.025
2006-08-10,4.6838,4.8117,4.5985,4.6016,0.074,4.045
2006-08-11,4.6838,4.7203,4.5833,4.6655,0.018,4.065
2006-08-14,4.6655,4.7508,4.5711,4.5802,0.032,4.083
2006-08-15,4.5955,4.8909,4.5681,4.8878,0.118,4.107
2006-08-16,4.8787,4.9944,4.7203,4.8026,0.126,4.129
2006-08-17,4.8117,5.0249,4.7751,4.8665,0.077,4.152
2006-08-18,4.8756,4.8878,4.7873,4.8604,0.039,4.177
2006-08-21,4.8939,4.9792,4.7995,4.8635,0.043,4.200
2006-08-22,4.8969,4.9152,4.8726,4.9119,0.021,4.224
2006-08-23,4.9183,4.9183,4.8574,4.8848,0.020,4.246
2006-08-24,4.8848,5.0827,4.8528,5.0797,0.037,4.272
2006-08-25,5.1071,5.3233,5.1071,5.2441,0.057,4.297
2006-08-28,5.3599,5.8410,5.2472,5.2929,0.150,4.324
2006-08-29,5.3233,5.4786,5.0340,5.1619,0.090,4.347
2006-08-30,5.0949,5.1802,5.0919,5.1771,0.045,4.371
2006-08-31,5.1771,5.2533,5.0980,5.2472,0.062,4.397
2006-09-01,5.2015,5.2502,5.1619,5.1619,0.063,4.417
2006-09-05,5.2289,5.3751,5.1528,5.1771,0.090,4.440
2006-09-06,5.1771,5.2167,5.1284,5.1375,0.023,4.460
2006-09-07,5.1315,5.1315,4.9274,5.0279,0.054,4.480
2006-09-08,4.8848,4.9792,4.5559,4.8604,0.087,4.497
2006-09-11,4.8574,4.9152,4.6625,4.7051,0.070,4.510
2006-09-12,4.6594,4.7660,4.6442,4.7416,0.029,4.521
2006-09-13,4.6838,4.7873,4.6838,4.7538,0.023,4.534
2006-09-14,4.7965,4.8665,4.7569,4.8665,0.033,4.550
2006-09-15,4.8696,5.0706,4.7325,5.0066,0.040,4.568
2006-09-18,5.1284,5.1771,4.8756,4.8970,0.026,4.583
2006-09-19,4.8787,4.9335,4.7203,4.9335,0.031,4.599
2006-09-20,4.9426,4.9426,4.7234,4.7508,0.045,4.611
2006-09-21,4.7416,5.0401,4.7264,4.8147,0.038,4.624
2006-09-22,4.7782,4.8086,4.7386,4.8086,0.015,4.638
2006-09-25,4.7569,4.7660,4.6472,4.6594,0.060,4.649
2006-09-26,4.6564,4.6929,4.6442,4.6594,0.018,4.662
2006-09-27,4.7051,4.7538,4.6655,4.7082,0.021,4.677
2006-09-28,4.6686,4.7843,4.6686,4.7751,0.010,4.692
2006-09-29,4.7264,4.8208,4.6747,4.7599,0.029,4.704
2006-10-02,4.6990,4.8330,4.5681,4.6990,0.058,4.715
2006-10-03,4.7203,4.7356,4.5620,4.6290,0.063,4.724
2006-10-04,4.6168,4.6594,4.4097,4.6594,0.128,4.734
2006-10-05,4.5072,4.7508,4.5072,4.7295,0.041,4.745
2006-10-06,4.6716,4.8421,4.6355,4.8147,0.015,4.759
2006-10-09,4.7569,4.8147,4.7325,4.7599,0.015,4.772
2006-10-10,4.7721,4.8086,4.6838,4.7447,0.011,4.784
2006-10-11,4.7112,4.8117,4.7112,4.7447,0.010,4.796
2006-10-12,4.7873,5.0553,4.7873,4.8939,0.019,4.810
2006-10-13,4.9640,5.1558,4.9640,5.0797,0.019,4.826
2006-10-16,5.1162,5.1589,5.0553,5.0858,0.022,4.844
2006-10-17,5.1010,5.1010,5.0401,5.0827,0.013,4.862
2006-10-18,5.0980,5.0980,4.8909,4.9031,0.014,4.875
2006-10-19,4.8878,5.0949,4.8787,5.0949,0.017,4.885
2006-10-20,5.0553,5.0949,5.0401,5.0949,0.003,4.895
2006-10-23,5.0858,5.0980,4.8726,4.9244,0.046,4.900
2006-10-24,4.9031,5.1771,4.8909,4.9944,0.025,4.908
2006-10-25,5.0249,5.1010,5.0036,5.0706,0.017,4.912
2006-10-26,5.0797,5.1771,5.0645,5.1528,0.036,4.919
2006-10-27,5.1193,5.3325,5.1193,5.2715,0.023,4.927
2006-10-30,5.3294,5.3294,5.0645,5.1558,0.045,4.933
2006-10-31,5.1545,5.2685,5.0682,5.2685,0.012,4.941
2006-11-01,5.2469,5.2962,5.1545,5.1761,0.012,4.946
2006-11-02,5.2161,5.3979,5.1915,5.3825,0.046,4.956
2006-11-03,5.3856,5.5150,5.3209,5.4564,0.024,4.964
2006-11-06,5.4564,5.4811,5.4225,5.4249,0.039,4.968
2006-11-07,5.2469,5.4225,5.2469,5.3994,0.045,4.970
2006-11-08,5.4041,5.5458,5.3917,5.5458,0.036,4.977
2006-11-09,5.4749,5.8200,5.4749,5.6968,0.093,4.988
2006-11-10,5.8169,5.9186,5.7645,5.8046,0.057,4.999
2006-11-13,5.8446,5.8539,5.5328,5.6814,0.046,5.009
2006-11-14,5.7060,5.8005,5.5982,5.8005,0.036,5.022
2006-11-15,5.7553,5.9124,5.7337,5.8909,0.056,5.037
2006-11-16,5.9063,5.9124,5.4256,5.7306,0.031,5.051
2006-11-17,5.7861,5.9617,5.7861,5.9371,0.072,5.072
2006-11-20,5.9371,6.0387,5.9063,5.9895,0.016,5.098
2006-11-21,5.9525,6.1897,5.9402,6.1897,0.040,5.127
2006-11-22,6.1928,6.2082,6.1004,6.1373,0.056,5.155
2006-11-24,6.1620,6.1620,6.1004,6.1435,0.007,5.180
2006-11-27,6.1281,6.1281,5.9956,6.0788,0.028,5.202
2006-11-28,6.0418,6.0418,5.9771,6.0203,0.026,5.224
2006-11-29,6.0079,6.1158,5.9648,6.0079,0.057,5.246
2006-11-30,6.0634,6.0634,6.0141,6.0511,0.024,5.272
2006-12-01,6.0141,6.0444,5.9402,6.0295,0.009,5.296
2006-12-04,5.9895,6.0264,5.9155,6.0079,0.042,5.320
2006-12-05,6.1312,6.1712,6.0110,6.1004,0.019,5.349
2006-12-06,6.0665,6.1712,6.0634,6.1404,0.023,5.378
2006-12-07,6.1620,6.3623,6.1319,6.1681,0.066,5.408
2006-12-08,6.2821,6.2821,6.1312,6.1312,0.020,5.435
2006-12-11,6.1034,6.2544,6.0850,6.2544,0.051,5.465
2006-12-12,6.1620,6.2113,6.1466,6.1681,0.029,5.494
2006-12-13,6.2236,6.3314,6.0850,6.1575,0.011,5.525
2006-12-14,6.1034,6.1589,6.1034,6.1589,0.007,5.555
2006-12-15,6.1774,6.1774,6.0819,6.1589,0.019,5.583
2006-12-18,6.1527,6.1527,6.1219,6.1373,0.008,5.610
2006-12-19,6.1158,6.1250,6.0542,6.0572,0.010,5.636
2006-12-20,6.1034,6.1589,5.9032,5.9371,0.029,5.659
2006-12-21,5.9402,5.9956,5.8539,5.9956,0.009,5.684
2006-12-22,5.9987,6.0172,5.8909,5.9710,0.008,5.706
2006-12-26,6.0079,6.0634,5.9463,5.9617,0.003,5.724
2006-12-27,5.9771,6.0757,5.9771,5.9925,0.009,5.742
2006-12-28,5.9771,5.9771,5.8539,5.9309,0.005,5.759
2006-12-29,5.9463,6.1312,5.8970,6.0018,0.032,5.781
2007-01-03,5.9463,6.1281,5.9155,6.0233,0.055,5.799
2007-01-04,6.0079,6.0603,5.9771,6.0203,0.024,5.818
2007-01-05,6.0880,6.0880,5.8385,5.8816,0.031,5.837
2007-01-08,5.8108,6.0357,5.8108,5.9494,0.056,5.856
2007-01-09,5.9155,5.9956,5.8385,5.9155,0.031,5.873
2007-01-10,5.9155,5.9155,5.8847,5.8909,0.008,5.888
2007-01-11,5.8539,5.8847,5.8539,5.8816,0.018,5.900
2007-01-12,5.9494,6.0788,5.8878,6.0227,0.021,5.917
2007-01-16,5.9494,6.0387,5.9066,6.0079,0.055,5.932
2007-01-17,6.0357,6.0850,6.0079,6.0295,0.020,5.949
2007-01-18,6.0110,6.0141,5.9771,6.0062,0.079,5.962
2007-01-19,5.9802,6.0757,5.9802,6.0141,0.014,5.973
2007-01-22,6.0911,6.0911,5.9556,6.0079,0.017,5.984
2007-01-23,6.0110,6.0880,5.9987,6.0079,0.063,5.997
2007-01-24,5.9864,6.0510,5.9864,6.0079,0.031,6.006
2007-01-25,6.0233,6.1065,6.0110,6.0696,0.019,6.013
2007-01-26,6.0696,6.1158,6.0110,6.0387,0.013,6.018
2007-01-29,6.1096,6.1620,6.0757,6.1250,0.036,6.027
2007-01-30,6.1466,6.1466,6.0572,6.1004,0.013,6.033
2007-01-31,6.1589,6.1589,6.0203,6.0357,0.045,6.036
2007-02-01,6.1060,6.1994,6.1060,6.1558,0.007,6.044
2007-02-02,6.1590,6.2243,6.1340,6.1776,0.012,6.049
2007-02-05,6.1776,6.2053,6.1558,6.1628,0.078,6.052
2007-02-06,6.1558,6.2181,6.1496,6.2025,0.047,6.053
2007-02-07,6.1496,6.2274,6.1496,6.1994,0.016,6.054
2007-02-08,6.1870,6.2243,6.1496,6.2181,0.005,6.055
2007-02-09,6.2119,6.2181,6.1122,6.2119,0.011,6.058
2007-02-12,6.1807,6.2243,6.1496,6.1496,0.038,6.061
2007-02-13,6.1963,6.1963,6.1340,6.1621,0.005,6.064
2007-02-14,6.1870,6.1870,6.1185,6.1496,0.015,6.066
2007-02-15,6.1371,6.1773,6.0718,6.0749,0.010,6.067
2007-02-16,6.0998,6.1496,6.0718,6.1371,0.012,6.069
2007-02-20,6.1340,6.1340,5.9815,6.0126,0.037,6.067
2007-02-21,5.9503,5.9908,5.8426,5.9908,0.016,6.064
2007-02-22,5.9877,6.0879,5.8943,6.0095,0.032,6.061
2007-02-23,6.0873,6.1496,5.9192,6.1029,0.024,6.061
2007-02-26,6.1029,6.1340,5.9036,6.1029,0.046,6.058
2007-02-27,6.1029,6.1433,5.9192,6.0250,0.024,6.055
2007-02-28,5.9970,6.1807,5.9970,6.1185,0.014,6.054
2007-03-01,6.1216,6.1216,5.9970,6.0686,0.026,6.052
2007-03-02,6.0375,6.0686,6.0095,6.0686,0.005,6.050
2007-03-05,5.9939,6.0406,5.8600,5.9005,0.078,6.046
2007-03-06,5.8849,5.9783,5.8849,5.9192,0.015,6.043
2007-03-07,5.9192,6.0126,5.8974,5.9534,0.026,6.043
2007-03-08,5.9534,5.9939,5.9534,5.9939,0.027,6.043
2007-03-09,5.9628,6.2274,5.9628,6.2274,0.053,6.048
2007-03-12,6.2274,6.4765,6.2274,6.4267,0.031,6.058
2007-03-13,6.4267,6.4890,6.3240,6.3831,0.028,6.065
2007-03-14,6.3831,6.3987,6.2928,6.3240,0.047,6.073
2007-03-15,6.4112,6.4112,6.3364,6.3831,0.033,6.081
2007-03-16,6.3364,6.8533,6.3364,6.6167,0.074,6.093
2007-03-19,6.5979,6.6322,6.4236,6.6167,0.056,6.105
2007-03-20,6.6104,6.7412,6.6011,6.6852,0.054,6.121
2007-03-21,6.6914,6.7926,6.5917,6.6011,0.052,6.134
2007-03-22,6.6353,6.6945,6.5700,6.6945,0.040,6.149
2007-03-23,6.6945,6.6945,6.5855,6.6042,0.049,6.164
2007-03-26,6.6758,6.6758,6.5855,6.6011,0.033,6.178
2007-03-27,6.5793,6.8253,6.5793,6.5980,0.099,6.190
2007-03-28,6.6229,6.6976,6.6042,6.6571,0.022,6.203
2007-03-29,6.7101,6.7256,6.6353,6.6353,0.018,6.215
2007-03-30,6.6353,6.6509,6.4298,6.6447,0.030,6.227
2007-04-02,6.6104,6.7007,6.5855,6.6478,0.069,6.240
2007-04-03,6.6478,6.6602,6.6229,6.6291,0.042,6.253
2007-04-04,6.6820,6.6914,6.6229,6.6634,0.005,6.266
2007-04-05,6.7194,6.9934,6.6478,6.8595,0.031,6.283
2007-04-09,6.8035,6.8720,6.6167,6.6229,0.030,6.294
2007-04-10,6.6011,6.6322,6.4859,6.5824,0.037,6.305
2007-04-11,6.4298,6.5793,6.2306,6.4672,0.025,6.312
2007-04-12,6.4174,6.4610,6.3053,6.4565,0.040,6.319
2007-04-13,6.4423,6.4579,6.4298,6.4298,0.012,6.327
2007-04-16,6.4703,6.4765,6.3426,6.3831,0.033,6.331
2007-04-17,6.4454,6.5481,6.4454,6.4765,0.024,6.337
2007-04-18,6.3333,6.8502,6.3333,6.8346,0.041,6.350
2007-04-19,6.7319,6.9498,6.3831,6.8502,0.057,6.363
2007-04-20,6.8689,6.9000,6.6229,6.8502,0.029,6.376
2007-04-23,6.8190,6.8813,6.7941,6.8440,0.011,6.389
2007-04-24,6.8222,6.8502,6.6945,6.8035,0.017,6.401
2007-04-25,6.7973,6.9872,6.6790,6.9249,0.028,6.416
2007-04-26,7.2612,8.7184,7.2612,8.2950,0.458,6.459
2007-04-27,8.3852,9.3412,8.3728,9.3100,0.345,6.522
2007-04-30,9.2945,9.4782,9.1232,9.4688,0.144,6.590
2007-05-01,9.4782,9.6494,9.0640,9.4345,0.061,6.656
2007-05-02,9.3225,9.4968,9.2353,9.3349,0.045,6.722
2007-05-03,9.4122,9.8012,9.0734,9.0734,0.112,6.784
2007-05-04,9.0891,10.0397,9.0891,9.8860,0.076,6.862
2007-05-07,10.0397,10.5887,10.0397,10.2593,0.134,6.945
2007-05-08,10.3378,10.6295,10.1025,10.5417,0.073,7.034
2007-05-09,10.5637,10.5982,10.3566,10.4695,0.061,7.122
2007-05-10,10.5072,11.1064,10.4538,10.9935,0.165,7.220
2007-05-11,10.9841,11.0970,10.4162,10.9590,0.118,7.318
2007-05-14,11.0343,11.1378,10.5448,11.0907,0.074,7.418
2007-05-15,11.0907,11.0907,10.5950,10.7958,0.088,7.516
2007-05-16,10.8335,10.9652,10.0428,10.3252,0.063,7.604
2007-05-17,10.1213,10.2656,9.7260,10.2154,0.117,7.689
2007-05-18,10.1401,10.1401,9.7260,9.8232,0.089,7.766
2007-05-21,9.7479,10.3534,9.7280,10.2938,0.075,7.847
2007-05-22,10.3252,10.3974,10.0899,10.1934,0.021,7.923
2007-05-23,10.2876,10.6640,10.2876,10.4695,0.027,8.004
2007-05-24,10.5762,10.6672,10.1589,10.2060,0.035,8.082
2007-05-25,10.1966,10.8429,10.0868,10.7174,0.100,8.169
2007-05-29,10.9621,11.0437,10.6891,10.9213,0.110,8.255
2007-05-30,10.8523,11.1378,10.7331,10.9935,0.041,8.342
2007-05-31,11.1284,11.1378,11.0092,11.0750,0.035,8.430
2007-06-01,11.0876,11.0907,10.6860,10.7142,0.033,8.512
2007-06-04,10.7644,11.0280,10.7551,10.9621,0.023,8.598
2007-06-05,10.9119,10.9590,10.8272,10.8743,0.010,8.683
2007-06-06,11.0154,11.0217,9.9456,10.3785,0.105,8.759
2007-06-07,10.3409,10.4727,9.8734,10.0397,0.055,8.828
2007-06-08,9.8734,10.6986,9.7918,10.4664,0.091,8.904
2007-06-11,10.5480,10.5480,10.3817,10.4319,0.041,8.980
2007-06-12,10.4287,10.6389,10.3848,10.4217,0.018,9.055
2007-06-13,10.4476,10.5887,10.3880,10.4319,0.052,9.131
2007-06-14,10.4978,10.6891,10.4319,10.5762,0.028,9.210
2007-06-15,10.6546,10.6647,10.3064,10.3127,0.027,9.283
2007-06-18,10.3911,10.4225,10.2625,10.3534,0.069,9.353
2007-06-19,10.3534,10.4821,10.2656,10.3723,0.023,9.428
2007-06-20,10.2060,10.7111,10.2060,10.6138,0.035,9.508
2007-06-21,10.4601,10.6829,10.0397,10.6421,0.032,9.592
2007-06-22,10.5731,10.8680,10.2436,10.4350,0.047,9.671
2007-06-25,10.5009,10.5103,10.3001,10.3817,0.082,9.750
2007-06-26,10.4162,10.8586,10.4131,10.8241,0.365,9.839
2007-06-27,10.8492,11.2884,10.7393,11.0280,0.072,9.930
2007-06-28,11.0280,11.0719,10.7720,10.9809,0.021,10.013
2007-06-29,11.0060,11.0437,10.9182,10.9433,0.032,10.095
2007-07-02,11.0437,11.0845,10.8981,10.9621,0.049,10.177
2007-07-03,10.9747,11.1284,10.9527,11.0248,0.087,10.261
2007-07-05,11.0248,11.2947,10.8241,11.2915,0.059,10.351
2007-07-06,11.2947,11.6241,11.2755,11.4358,0.037,10.441
2007-07-09,11.4923,11.6084,11.1221,11.3323,0.056,10.502
2007-07-10,11.2758,11.4358,11.1974,11.3888,0.125,10.543
2007-07-11,11.3857,11.6617,11.2664,11.6617,0.033,10.587
2007-07-12,11.6617,11.7182,11.4515,11.6084,0.054,10.631
2007-07-13,11.6712,11.6712,11.4515,11.5806,0.019,10.675
2007-07-16,11.4672,11.6555,11.4672,11.5927,0.205,10.726
2007-07-17,11.5771,11.7653,11.3731,11.3919,0.030,10.756
2007-07-18,11.2633,11.3543,11.0437,11.1409,0.066,10.774
2007-07-19,11.2005,11.2947,11.1598,11.2382,0.020,10.788
2007-07-20,11.1692,11.2915,11.0594,11.1629,0.031,10.801
2007-07-23,11.2790,11.3574,11.1284,11.2319,0.077,10.806
2007-07-24,11.2288,11.4358,11.0750,11.2162,0.097,10.811
2007-07-25,11.2947,11.5457,10.9809,10.9841,0.089,10.809
2007-07-26,10.9809,11.0437,10.6892,10.9527,0.087,10.812
2007-07-27,11.0437,11.0437,10.6891,10.8554,0.053,10.823
2007-07-30,10.8241,10.9182,10.3660,10.8241,0.104,10.835
2007-07-31,10.8241,11.0750,10.7707,11.0437,0.039,10.859
2007-08-01,11.0123,11.0688,10.6389,10.9025,0.051,10.872
2007-08-02,10.9871,11.0250,10.3616,10.5511,0.047,10.879
2007-08-03,10.5511,10.8070,10.0362,10.2384,0.085,10.874
2007-08-06,10.2352,10.3300,4.8459,9.8435,0.262,10.867
2007-08-07,9.5876,10.4121,9.4770,9.8087,0.078,10.849
2007-08-08,9.8024,10.3110,9.7329,10.0299,0.060,10.831
2007-08-09,9.7140,9.9509,9.4865,9.6476,0.023,10.804
2007-08-10,9.4928,9.6192,9.3191,9.5086,0.046,10.773
2007-08-13,9.3349,10.2478,9.3349,10.0141,0.101,10.759
2007-08-14,9.6350,10.1404,9.5781,9.9193,0.066,10.738
2007-08-15,9.9446,10.0930,9.6192,9.8403,0.041,10.717
2007-08-16,9.3823,9.5402,9.0537,9.2717,0.066,10.695
2007-08-17,9.2717,9.3159,8.8452,9.0032,0.026,10.674
2007-08-20,8.9242,9.0348,8.5514,8.5988,0.046,10.637
2007-08-21,8.8452,9.1611,8.6241,9.0032,0.076,10.608
2007-08-22,8.9716,9.2875,8.9084,9.2148,0.092,10.584
2007-08-23,9.2148,9.4044,9.2148,9.3538,0.026,10.563
2007-08-24,9.3507,9.8087,9.2243,9.5592,0.128,10.542
2007-08-27,9.4770,9.5402,9.3191,9.5213,0.023,10.527
2007-08-28,9.4454,9.7013,9.2780,9.2780,0.059,10.505
2007-08-29,9.3317,9.5813,9.2496,9.5686,0.017,10.489
2007-08-30,9.4928,9.5465,9.0822,9.0822,0.029,10.458
2007-08-31,9.1611,9.4928,9.1611,9.3191,0.039,10.432
2007-09-04,9.1864,9.6792,9.1769,9.5244,0.024,10.414
2007-09-05,9.3349,9.6034,9.3349,9.4802,0.041,10.396
2007-09-06,9.3665,9.4928,9.3665,9.4612,0.014,10.368
2007-09-07,9.4170,9.4928,9.4170,9.4328,0.021,10.336
2007-09-10,9.3855,9.4928,9.3823,9.4865,0.012,10.307
2007-09-11,9.4707,9.5023,9.3191,9.4739,0.029,10.277
2007-09-12,9.2780,9.4297,9.0158,9.2875,0.050,10.244
2007-09-13,9.3191,9.3981,9.2907,9.3538,0.025,10.210
2007-09-14,9.3823,9.4770,9.3191,9.4139,0.016,10.173
2007-09-17,9.4423,9.4834,9.3759,9.4739,0.021,10.133
2007-09-18,9.4770,9.5149,9.3191,9.5149,0.025,10.097
2007-09-19,9.4865,9.5623,9.4865,9.5244,0.029,10.060
2007-09-20,9.5307,9.5844,9.3886,9.4770,0.008,10.016
2007-09-21,9.4707,9.4928,9.3823,9.3823,0.027,9.972
2007-09-24,9.3507,9.4297,8.7505,9.2401,0.051,9.925
2007-09-25,9.2401,9.3191,8.8705,9.1295,0.032,9.876
2007-09-26,9.1580,9.1643,8.9653,8.9874,0.020,9.827
2007-09-27,9.0032,9.0506,8.9084,8.9716,0.015,9.784
2007-09-28,9.0158,9.0158,8.7536,8.7978,0.020,9.735
2007-10-01,8.8452,9.0411,8.4093,9.0411,0.548,9.693
2007-10-02,9.0348,9.0348,8.2008,8.3082,0.217,9.634
2007-10-03,8.5293,8.5293,7.5500,7.8344,0.118,9.567
2007-10-04,7.7712,8.0176,7.5342,7.8975,0.068,9.505
2007-10-05,7.8786,7.9354,7.8059,7.9165,0.082,9.444
2007-10-08,7.6448,7.9828,7.6448,7.9291,0.058,9.386
2007-10-09,7.9228,8.1566,7.9007,8.0586,0.062,9.330
2007-10-10,8.0555,8.1629,8.0081,8.1345,0.030,9.272
2007-10-11,8.0871,8.1818,8.0871,8.1029,0.042,9.216
2007-10-12,8.0650,8.0808,7.9639,8.0650,0.024,9.167
2007-10-15,7.9923,8.1029,7.9323,8.1029,0.047,9.124
2007-10-16,8.0871,8.1503,7.9765,8.0365,0.022,9.088
2007-10-17,8.0618,8.1787,7.9512,7.9986,0.025,9.051
2007-10-18,8.0397,8.0997,7.9038,8.0808,0.031,9.012
2007-10-19,8.0871,8.1029,7.9418,8.0271,0.038,8.980
2007-10-22,8.1029,8.1158,7.9702,8.0334,0.029,8.951
2007-10-23,7.9765,8.1155,7.9291,8.0839,0.252,8.912
2007-10-24,8.0397,8.2134,7.9797,8.0397,0.043,8.874
2007-10-25,8.0397,8.1976,8.0397,8.1187,0.029,8.840
2007-10-26,8.1976,8.1976,8.0934,8.1660,0.040,8.818
2007-10-29,8.1187,8.3524,8.1029,8.3335,0.050,8.804
2007-10-30,8.2987,8.4946,8.2482,8.2924,0.057,8.798
2007-10-31,8.2134,8.4977,8.0555,8.0555,0.108,8.779
2007-11-01,8.0239,8.3398,7.9923,8.1060,0.070,8.757
2007-11-02,8.0772,8.3613,8.0101,8.1155,0.022,8.732
2007-11-05,7.9655,8.2145,7.9655,8.1570,0.051,8.704
2007-11-06,8.2336,8.3486,7.9335,8.1538,0.032,8.677
2007-11-07,8.2336,8.2368,7.9846,8.1283,0.036,8.654
2007-11-08,8.0357,8.2656,7.9655,8.0517,0.037,8.624
2007-11-09,7.6590,8.0612,7.6590,8.0612,0.047,8.603
2007-11-12,7.9718,8.0133,7.9080,7.9495,0.026,8.576
2007-11-13,7.9367,7.9974,7.7931,7.9655,0.051,8.545
2007-11-14,7.9495,8.0319,7.8537,7.9399,0.034,8.514
2007-11-15,7.9559,7.9814,7.8537,7.8920,0.034,8.482
2007-11-16,7.9686,8.0101,7.8218,8.0101,0.082,8.454
2007-11-19,7.8697,7.9527,7.7515,7.8218,0.024,8.421
2007-11-20,8.0293,8.0293,7.4099,7.5345,0.108,8.382
2007-11-21,7.2631,7.4898,7.1833,7.3110,0.030,8.342
2007-11-23,7.2854,7.3269,7.1833,7.1833,0.014,8.299
2007-11-26,7.1098,7.2631,7.1098,7.1897,0.029,8.255
2007-11-27,7.0396,7.0747,6.8672,6.9438,0.042,8.204
2007-11-28,6.8097,6.8640,6.5033,6.6214,0.278,8.146
2007-11-29,6.6214,6.7842,6.3883,6.7044,0.096,8.090
2007-11-30,6.7140,7.0875,6.6853,7.0875,0.582,8.042
2007-12-03,6.9981,7.2471,6.7044,7.1641,0.489,7.998
2007-12-04,7.3780,7.3780,6.7682,7.0236,0.224,7.953
2007-12-05,7.0460,7.8984,7.0205,7.5600,3.367,7.922
2007-12-06,7.6879,8.1315,7.5185,7.9239,0.873,7.901
2007-12-07,8.0580,8.0580,7.1833,8.0133,0.222,7.881
2007-12-10,7.9814,7.9814,7.6622,7.9718,0.118,7.865
2007-12-11,7.8601,8.2847,7.7100,7.9846,0.306,7.844
2007-12-12,8.0963,8.1889,7.4387,7.9782,0.155,7.837
2007-12-13,7.9814,8.0070,7.6622,7.7962,0.145,7.836
2007-12-14,7.7579,7.9846,7.6302,7.9367,0.065,7.837
2007-12-17,7.9782,8.0612,7.5823,7.8218,0.127,7.835
2007-12-18,7.9655,8.0133,7.6717,7.8282,0.097,7.833
2007-12-19,7.7547,7.9814,7.5919,7.9016,0.087,7.830
2007-12-20,7.7867,7.9750,7.6749,7.9112,0.041,7.826
2007-12-21,7.9591,7.9814,7.8346,7.9367,0.069,7.822
2007-12-24,7.9782,7.9878,7.8186,7.9016,0.054,7.819
2007-12-26,8.0676,8.0676,7.5025,7.6749,0.154,7.810
2007-12-27,7.7931,7.9750,7.5025,7.6654,0.136,7.803
2007-12-28,7.6845,7.8377,7.5249,7.5249,0.103,7.794
2007-12-31,7.5504,7.5919,7.1833,7.5025,0.224,7.782
2008-01-02,7.5345,7.8186,7.5345,7.8026,0.086,7.777
2008-01-03,7.8218,7.8984,7.6654,7.8793,0.051,7.774
2008-01-04,7.7292,7.9814,7.5376,7.6334,0.059,7.765
2008-01-07,7.5664,7.6622,7.2663,7.4387,0.106,7.753
2008-01-08,7.3908,7.6558,7.3908,7.4706,0.035,7.740
2008-01-09,7.5025,7.5345,7.4546,7.4546,0.066,7.726
2008-01-10,7.3557,7.5408,7.3525,7.4036,0.031,7.708
2008-01-11,7.3908,7.5280,7.2854,7.3174,0.025,7.688
2008-01-14,7.3429,7.4834,7.3429,7.4578,0.020,7.676
2008-01-15,7.2918,7.5472,7.1801,7.3716,0.043,7.661
2008-01-16,7.2024,7.4738,7.2024,7.2375,0.105,7.644
2008-01-17,7.2631,7.2886,7.0556,7.1354,0.058,7.623
2008-01-18,7.1290,7.2471,7.0236,7.0811,0.119,7.602
2008-01-22,6.8066,7.2471,4.8112,7.1577,0.120,7.583
2008-01-23,6.8097,7.0843,6.6437,6.9726,0.182,7.561
2008-01-24,6.9917,7.0588,6.8640,6.9885,0.091,7.540
2008-01-25,6.9917,7.0396,6.8321,6.9438,0.032,7.519
2008-01-28,6.8736,6.9438,6.7427,6.8225,0.018,7.497
2008-01-29,6.9438,6.9438,6.7363,6.8257,0.104,7.474
2008-01-30,6.8002,6.8800,6.7587,6.8161,0.107,7.453
2008-01-31,6.7395,6.9438,6.7044,6.8385,0.051,7.429
2008-02-01,6.4649,6.9566,6.4649,6.9374,0.152,7.412
2008-02-04,6.9119,6.9438,6.8289,6.8896,0.151,7.399
2008-02-05,6.9676,6.9676,6.4013,6.7411,0.220,7.387
2008-02-06,6.9806,6.9968,6.6181,6.7152,0.033,7.378
2008-02-07,6.5761,6.8576,6.5146,6.7702,0.076,7.370
2008-02-08,6.9256,6.9256,6.6343,6.7087,0.239,7.365
2008-02-11,6.5761,6.7217,6.5761,6.6246,0.079,7.365
2008-02-12,6.6052,6.6828,6.4757,6.5663,0.045,7.362
2008-02-13,6.5469,6.7314,6.5049,6.6343,0.067,7.353
2008-02-14,6.6861,6.8932,6.2718,6.8576,0.199,7.347
2008-02-15,6.8608,6.8932,6.7961,6.8608,0.048,7.344
2008-02-19,6.8511,6.9547,6.7961,6.9029,0.044,7.331
2008-02-20,6.9159,7.1036,6.8900,7.0583,0.090,7.313
2008-02-21,7.1165,7.2265,6.9353,6.9353,0.065,7.292
2008-02-22,6.9223,6.9353,6.8447,6.9191,0.024,7.271
2008-02-25,6.9320,7.1553,6.9223,7.1295,0.070,7.254
2008-02-26,7.0550,7.1592,6.9612,7.0680,0.033,7.235
2008-02-27,7.0841,7.1618,6.9579,7.1003,0.046,7.221
2008-02-28,7.0939,7.1197,6.9547,7.0680,0.039,7.204
2008-02-29,6.9579,7.0453,6.9418,6.9579,0.061,7.187
2008-03-03,7.1392,7.1683,6.8770,7.0421,0.036,7.171
2008-03-04,7.0065,7.0065,6.6829,6.8123,0.097,7.149
2008-03-05,6.8932,6.9126,6.6505,6.6731,0.034,7.125
2008-03-06,6.6343,6.9385,6.6343,6.6861,0.059,7.100
2008-03-07,6.5858,6.7476,6.5696,6.6117,0.019,7.074
2008-03-10,6.5534,6.6181,6.3107,6.5178,0.093,7.051
2008-03-11,6.5890,6.6343,6.4790,6.6084,0.038,7.029
2008-03-12,6.8932,6.8932,6.5243,6.5340,0.045,7.010
2008-03-13,6.4887,6.5696,6.1780,6.4984,0.054,6.990
2008-03-14,6.4207,6.7152,6.2492,6.2621,0.043,6.959
2008-03-17,5.9223,6.2783,5.9223,6.0809,0.044,6.923
2008-03-18,6.1845,6.1845,6.0518,6.1068,0.026,6.892
2008-03-19,6.0032,6.1874,6.0032,6.1230,0.062,6.866
2008-03-20,6.0615,6.5372,5.7994,6.5372,0.095,6.847
2008-03-24,6.4790,6.6375,6.4401,6.5534,0.067,6.829
2008-03-25,6.5858,6.5922,6.3819,6.4272,0.110,6.810
2008-03-26,6.4401,6.5761,6.4401,6.5372,0.034,6.794
2008-03-27,6.4725,6.6570,6.4725,6.5307,0.022,6.776
2008-03-28,6.4595,6.5317,6.2460,6.2945,0.035,6.754
2008-03-31,6.3269,6.3916,5.9385,6.0971,0.096,6.731
2008-04-01,6.1230,6.3625,6.1100,6.2945,0.057,6.714
2008-04-02,6.3269,6.3269,6.1974,6.2589,0.020,6.698
2008-04-03,6.2233,6.4693,6.2233,6.4240,0.030,6.683
2008-04-04,6.3592,6.4660,6.3592,6.4531,0.033,6.673
2008-04-07,6.4725,6.6019,6.4272,6.5728,0.081,6.665
2008-04-08,6.5825,6.6117,6.5566,6.5922,0.034,6.658
2008-04-09,6.6473,6.6627,6.4887,6.4984,0.027,6.651
2008-04-10,6.5372,6.5696,6.4369,6.4385,0.030,6.643
2008-04-11,6.4078,6.4401,6.3107,6.3333,0.014,6.634
2008-04-14,6.2783,6.2913,6.2298,6.2524,0.026,6.622
2008-04-15,6.2428,6.2460,6.0356,6.1489,0.189,6.606
2008-04-16,6.1651,6.2136,6.0680,6.2136,0.052,6.593
2008-04-17,6.1036,6.3592,6.1036,6.3592,0.054,6.585
2008-04-18,6.3754,6.6667,6.3754,6.5534,0.096,6.582
2008-04-21,6.5534,6.6052,6.5049,6.5987,0.020,6.578
2008-04-22,6.5663,6.6343,6.5210,6.6246,0.037,6.577
2008-04-23,6.5534,6.6123,6.4401,6.4887,0.020,6.574
2008-04-24,6.5340,6.5340,6.4725,6.4854,0.018,6.572
2008-04-25,6.4725,6.4919,6.4531,6.4725,0.023,6.569
2008-04-28,6.5049,6.5696,6.3916,6.4013,0.032,6.560
2008-04-29,6.4401,6.4693,6.3269,6.3430,0.027,6.550
2008-04-30,6.2945,6.3463,6.2265,6.2265,0.076,6.536
2008-05-01,6.2265,6.2654,6.1683,6.2006,0.095,6.519
2008-05-02,6.2104,6.3074,5.5890,6.1683,0.068,6.504
2008-05-05,6.1618,6.2039,6.1003,6.1456,0.047,6.488
2008-05-06,6.1165,6.4401,6.1068,6.3916,0.080,6.473
2008-05-07,6.4912,6.5734,6.2053,6.3269,0.067,6.459
2008-05-08,6.2776,6.4254,6.2053,6.3433,0.027,6.443
2008-05-09,6.2808,6.4616,6.2447,6.3104,0.031,6.428
2008-05-12,6.3367,6.3841,6.2776,6.3301,0.047,6.416
2008-05-13,6.3071,6.3893,6.0771,6.1658,0.111,6.398
2008-05-14,6.2283,6.2578,5.9226,5.9325,0.196,6.381
2008-05-15,5.9259,6.0179,5.8437,5.9357,0.305,6.366
2008-05-16,5.9160,6.1855,5.5939,6.1132,0.187,6.354
2008-05-19,6.1362,6.4583,6.1362,6.3104,0.120,6.348
2008-05-20,6.3466,6.6227,6.2842,6.5865,0.135,6.350
2008-05-21,6.5734,6.6062,6.4945,6.5109,0.054,6.348
2008-05-22,6.5734,6.5799,6.2743,6.2776,0.079,6.343
2008-05-23,6.2808,6.4649,6.2808,6.3630,0.034,6.340
2008-05-27,6.3762,6.5241,6.2250,6.4485,0.087,6.344
2008-05-28,6.5734,6.7114,6.4189,6.6917,0.134,6.356
2008-05-29,6.6884,6.8889,6.6687,6.8199,0.148,6.370
2008-05-30,6.8692,6.9711,6.5898,6.9316,0.102,6.386
2008-06-02,6.9020,6.9678,6.7476,6.8199,0.126,6.392
2008-06-03,6.8593,7.1485,6.7706,7.0006,0.079,6.401
2008-06-04,7.2307,7.2307,6.9185,6.9431,0.083,6.411
2008-06-05,7.2603,7.2603,7.0006,7.0565,0.052,6.422
2008-06-06,7.0565,7.1584,6.9711,6.9908,0.027,6.431
2008-06-09,6.9842,7.0499,6.8856,6.8889,0.028,6.443
2008-06-10,6.8199,6.8232,6.4189,6.5602,0.064,6.452
2008-06-11,6.5734,6.5734,6.4399,6.5076,0.023,6.456
2008-06-12,6.4090,6.8166,6.2283,6.3039,0.081,6.457
2008-06-13,6.2759,6.4419,6.1625,6.4353,0.044,6.457
2008-06-16,6.5668,6.6062,6.2907,6.6062,0.074,6.460
2008-06-17,6.6029,6.6029,6.4846,6.5832,0.029,6.461
2008-06-18,6.6325,6.6325,6.4978,6.5339,0.020,6.459
2008-06-19,6.5767,6.5767,6.3104,6.3630,0.036,6.457
2008-06-20,6.2776,6.3532,6.2283,6.2940,0.066,6.454
2008-06-23,6.2940,6.4583,6.1834,6.3762,0.029,6.455
2008-06-24,6.2940,6.4287,6.2210,6.3564,0.044,6.457
2008-06-25,6.3893,6.4518,6.2677,6.3170,0.014,6.460
2008-06-26,6.3926,6.3926,6.1625,6.2151,0.058,6.460
2008-06-27,6.2381,6.3663,6.0968,6.1428,0.038,6.456
2008-06-30,6.2151,6.2151,5.9423,6.0639,0.044,6.446
2008-07-01,6.0606,6.1954,5.8733,6.1461,0.189,6.437
2008-07-02,6.1428,6.2151,5.8832,6.1001,0.078,6.427
2008-07-03,6.0705,6.1132,5.6892,5.8339,0.094,6.413
2008-07-07,5.8043,5.9324,5.3934,5.8207,0.243,6.400
2008-07-08,5.9653,6.5241,5.5775,5.6695,0.104,6.384
2008-07-09,5.7123,5.7616,5.6367,5.6991,0.144,6.370
2008-07-10,5.6498,5.8010,5.6399,5.7287,0.114,6.358
2008-07-11,5.5282,5.8174,5.5282,5.8010,0.049,6.349
2008-07-14,5.5282,5.9160,5.2587,5.7550,0.075,6.340
2008-07-15,5.6695,5.7188,5.5085,5.5644,0.114,6.328
2008-07-16,5.0976,5.6005,5.0976,5.4888,0.107,6.315
2008-07-17,5.5841,5.6728,5.1272,5.2751,0.104,6.293
2008-07-18,5.2127,5.3548,5.0418,5.1272,0.145,6.269
2008-07-21,5.3244,5.3540,5.1667,5.3244,0.066,6.248
2008-07-22,5.7484,5.7484,5.2916,5.3409,0.151,6.229
2008-07-23,5.2916,5.4953,5.2916,5.4362,0.103,6.211
2008-07-24,5.4888,5.4932,5.3803,5.4395,0.048,6.197
2008-07-25,5.4001,5.4953,5.3934,5.4395,0.036,6.187
2008-07-28,5.8733,5.8733,5.4329,5.6860,0.140,6.182
2008-07-29,5.7583,5.9522,5.7583,5.8634,0.121,6.177
2008-07-30,5.7550,6.1001,5.7550,6.1001,0.111,6.173
2008-07-31,6.1001,6.1461,6.0343,6.0738,0.098,6.162
2008-08-01,6.1494,6.3499,6.0311,6.1224,0.139,6.155
2008-08-04,6.1428,6.1592,5.9785,6.0376,0.050,6.150
2008-08-05,5.8669,6.2028,5.7432,6.1510,0.077,6.145
2008-08-06,6.5154,6.5154,6.2630,6.2680,0.143,6.142
2008-08-07,6.2781,6.3349,6.2246,6.2981,0.043,6.134
2008-08-08,6.3449,6.3483,6.1209,6.1744,0.077,6.121
2008-08-11,6.0574,6.2145,5.9204,5.9839,0.060,6.102
2008-08-12,6.0708,6.2246,6.0140,6.0207,0.036,6.086
2008-08-13,5.8836,6.2246,5.8836,6.1845,0.108,6.070
2008-08-14,6.2012,6.4151,6.1845,6.3182,0.065,6.057
2008-08-15,6.3783,6.3850,6.2847,6.3817,0.068,6.044
2008-08-18,6.3516,6.4419,6.2914,6.3516,0.041,6.031
2008-08-19,6.3516,6.3516,6.1236,6.2179,0.018,6.018
2008-08-20,6.2914,6.3483,6.1009,6.1443,0.023,6.009
2008-08-21,6.1778,6.1778,6.0875,6.1711,0.034,6.003
2008-08-22,6.1310,6.1778,6.0541,6.1377,0.030,5.999
2008-08-25,6.0441,6.1611,6.0173,6.0975,0.020,5.993
2008-08-26,6.0775,6.1377,6.0173,6.0942,0.045,5.982
2008-08-27,6.0875,6.0942,5.9337,6.0240,0.191,5.971
2008-08-28,6.0039,6.0641,5.9337,6.0641,0.074,5.962
2008-08-29,6.0507,6.0842,5.9438,6.0842,0.057,5.956
2008-09-02,6.5722,6.5722,5.7800,5.8736,0.049,5.948
2008-09-03,5.8167,5.8168,5.6763,5.7398,0.053,5.935
2008-09-04,5.9672,5.9672,5.4824,5.5694,0.052,5.919
2008-09-05,5.4992,5.5493,5.3053,5.5493,0.098,5.904
2008-09-08,5.9939,5.9939,5.3821,5.4189,0.049,5.888
2008-09-09,5.3086,5.3554,5.0646,5.2952,0.165,5.871
2008-09-10,5.3487,5.3487,5.0813,5.2618,0.083,5.855
2008-09-11,5.1883,5.1883,4.9977,5.1883,0.068,5.836
2008-09-12,5.0713,5.3621,5.0713,5.3387,0.084,5.821
2008-09-15,5.3019,5.3019,4.8038,4.8540,0.054,5.801
2008-09-16,4.7838,4.7971,4.2723,4.6333,0.280,5.777
2008-09-17,4.4327,4.6400,4.0182,4.1486,0.500,5.747
2008-09-18,4.2623,4.3091,3.9280,4.1453,0.292,5.716
2008-09-19,4.4896,5.5747,4.2121,5.1448,0.121,5.704
2008-09-22,5.3454,5.3454,4.8974,5.0144,0.047,5.688
2008-09-23,4.9509,5.1816,4.7578,5.1816,0.285,5.677
2008-09-24,5.0479,5.0479,4.9141,4.9643,0.034,5.665
2008-09-25,5.0713,5.1749,4.8774,5.0646,0.319,5.656
2008-09-26,5.0144,5.1281,4.9509,5.0813,0.055,5.653
2008-09-29,4.9242,5.0211,4.7269,4.7303,0.066,5.645
2008-09-30,4.7370,4.8974,4.7269,4.7771,0.013,5.634
2008-10-01,4.7804,4.8439,4.7269,4.7704,0.019,5.622
2008-10-02,4.7303,4.8010,4.3559,4.3559,0.057,5.601
2008-10-03,4.4428,4.4796,4.2322,4.2689,0.062,5.577
2008-10-06,4.0383,4.4963,3.2928,3.6772,0.170,5.542
2008-10-07,3.8277,3.8277,3.3062,3.4265,0.157,5.497
2008-10-08,3.1524,3.5836,2.5741,3.2059,0.798,5.444
2008-10-09,3.2895,3.3697,2.9318,3.0087,0.178,5.382
2008-10-10,2.7613,3.1591,2.6911,2.9986,0.144,5.320
2008-10-13,3.2460,4.0015,3.0922,3.9280,0.194,5.276
2008-10-14,4.2489,5.3487,4.1787,4.5698,0.390,5.247
2008-10-15,4.3458,4.5291,4.3458,4.4595,0.105,5.213
2008-10-16,4.5431,4.6233,4.2288,4.2823,0.151,5.173
2008-10-17,4.1820,4.6634,4.1820,4.5999,0.118,5.140
2008-10-20,4.5932,5.0479,4.5932,5.0144,0.090,5.116
2008-10-21,4.9944,4.9944,4.6802,4.9242,0.096,5.095
2008-10-22,4.8506,4.8506,4.5932,4.6467,0.057,5.068
2008-10-23,4.6801,5.0144,4.3492,4.4963,0.564,5.034
2008-10-24,4.3492,4.7202,4.1854,4.7136,0.098,5.002
2008-10-27,4.9609,4.9643,4.2823,4.3024,0.082,4.960
2008-10-28,4.3625,4.4160,3.9514,4.1787,0.132,4.917
2008-10-29,4.1820,4.4160,4.1239,4.3826,0.079,4.880
2008-10-30,4.5130,4.5798,4.2088,4.3726,0.090,4.845
2008-10-31,4.3988,4.5701,4.2823,4.4536,0.071,4.810
2008-11-03,4.4194,4.6044,4.1967,4.3851,0.086,4.775
2008-11-04,4.4478,4.5050,4.1179,4.1522,0.103,4.736
2008-11-05,4.1487,4.1830,3.9569,3.9740,0.093,4.694
2008-11-06,3.7239,4.0425,3.6588,3.7993,0.086,4.649
2008-11-07,3.8952,4.1111,3.8027,3.8404,0.087,4.605
2008-11-10,4.1590,4.1590,3.7171,3.7171,0.114,4.558
2008-11-11,3.6828,3.6999,3.4259,3.5081,0.094,4.510
2008-11-12,3.5252,3.5252,3.1998,3.2717,0.119,4.461
2008-11-13,3.5321,3.5321,3.0148,3.2272,0.307,4.414
2008-11-14,3.2614,3.2786,3.0490,3.0525,0.205,4.364
2008-11-17,3.1107,3.3231,2.8606,2.9428,0.140,4.315
2008-11-18,2.9565,2.9565,2.7407,2.8092,0.130,4.265
2008-11-19,2.8435,2.8606,2.5831,2.6276,0.134,4.212
2008-11-20,2.5557,2.6276,2.1994,2.5112,0.159,4.159
2008-11-21,2.6345,2.6345,2.2816,2.5626,0.143,4.103
2008-11-24,2.5352,3.0079,2.5009,2.9291,0.195,4.065
2008-11-25,2.9908,3.2375,2.9154,3.0867,0.191,4.034
2008-11-26,3.3300,3.3848,2.9291,3.3265,0.123,4.017
2008-11-28,3.3231,3.4773,3.1758,3.4773,0.059,4.004
2008-12-01,3.4773,3.5150,3.1689,3.1792,0.097,3.965
2008-12-02,3.2512,3.3574,3.1689,3.3231,0.087,3.931
2008-12-03,3.3334,3.4601,3.2580,3.3574,0.061,3.894
2008-12-04,3.1929,3.3745,3.1518,3.1518,0.102,3.858
2008-12-05,3.0833,3.0833,2.9051,3.0079,0.175,3.817
2008-12-08,2.9497,3.0833,2.8401,3.0285,0.088,3.776
2008-12-09,2.9223,3.1073,2.9223,2.9634,0.102,3.741
2008-12-10,3.0901,3.1689,2.9942,3.0799,0.144,3.707
2008-12-11,3.0525,3.1518,3.0113,3.0216,0.116,3.672
2008-12-12,2.8880,3.0525,2.8503,3.0216,0.070,3.645
2008-12-15,3.0285,3.1141,2.8606,2.9634,0.089,3.619
2008-12-16,2.9976,3.0285,2.8777,2.9874,0.067,3.605
2008-12-17,2.9497,3.1347,2.9017,3.1210,0.133,3.599
2008-12-18,3.0833,3.1895,3.0011,3.0148,0.123,3.595
2008-12-19,3.0593,3.1004,2.9428,2.9463,0.114,3.594
2008-12-22,3.0045,3.0833,2.6722,2.7407,0.249,3.589
2008-12-23,2.7407,2.7407,2.5043,2.5660,0.832,3.561
2008-12-24,2.5865,2.6002,2.5043,2.5694,0.237,3.521
2008-12-26,2.5797,2.9051,2.5728,2.7339,0.075,3.487
2008-12-29,2.9120,2.9120,2.4529,2.4940,0.266,3.451
2008-12-30,2.5043,2.8709,2.4666,2.8195,0.231,3.416
2008-12-31,2.8229,3.0456,2.7750,2.9764,0.168,3.375
2009-01-02,3.0148,3.3916,3.0113,3.3437,0.142,3.343
2009-01-05,3.4225,3.5869,3.3402,3.5081,0.286,3.320
2009-01-06,3.7856,3.7993,3.5184,3.7685,0.237,3.306
2009-01-07,3.8164,3.8164,3.4430,3.7171,0.116,3.286
2009-01-08,3.4293,3.8370,3.4259,3.7034,0.152,3.274
2009-01-09,3.7890,4.0014,3.6931,3.9398,0.103,3.269
2009-01-12,3.9877,4.0254,3.7377,3.9192,0.108,3.260
2009-01-13,3.9398,4.0460,3.8575,3.8747,0.101,3.250
2009-01-14,3.6828,3.8541,3.6657,3.6657,0.057,3.234
2009-01-15,3.6006,3.7685,3.4088,3.7685,0.127,3.222
2009-01-16,3.9500,3.9500,3.5629,3.7445,0.108,3.214
2009-01-20,3.6588,3.8678,3.4362,3.4601,0.146,3.203
2009-01-21,3.6828,3.7548,3.5458,3.6314,0.145,3.200
2009-01-22,3.6349,3.7685,3.5835,3.7616,0.111,3.198
2009-01-23,3.6999,3.7685,3.6246,3.6246,0.091,3.197
2009-01-26,3.6520,3.8404,3.6520,3.7239,0.119,3.201
2009-01-27,3.7548,3.9158,3.7034,3.7685,0.118,3.211
2009-01-28,3.7685,3.9261,3.7548,3.9055,0.183,3.224
2009-01-29,3.8918,3.9398,3.8438,3.8987,0.170,3.241
2009-01-30,3.8867,3.9008,3.7667,3.8267,0.078,3.259
2009-02-02,3.8620,3.9432,3.6996,3.9432,0.132,3.282
2009-02-03,3.9432,4.0703,3.9256,4.0597,0.102,3.310
2009-02-04,4.0950,4.0950,3.8585,3.9044,0.094,3.338
2009-02-05,4.0032,4.2892,3.9008,4.0950,0.099,3.369
2009-02-06,4.0950,4.2009,3.9714,4.0950,0.171,3.392
2009-02-09,4.1268,4.3245,4.0985,4.2186,0.152,3.415
2009-02-10,4.2821,4.3315,4.0809,4.1268,0.079,3.431
2009-02-11,4.0985,4.4480,4.0950,4.1303,0.111,3.444
2009-02-12,4.0950,4.2433,4.0950,4.2327,0.368,3.465
2009-02-13,4.4057,4.4092,4.2539,4.2892,0.109,3.484
2009-02-17,4.3739,4.3774,3.9714,4.0773,0.107,3.499
2009-02-18,4.1162,4.1162,3.7773,3.7879,0.103,3.511
2009-02-19,3.9467,3.9467,3.7455,3.8408,0.108,3.528
2009-02-20,3.6502,3.7385,3.2125,3.3537,0.279,3.535
2009-02-23,3.4843,3.4843,3.1277,3.1383,0.187,3.538
2009-02-24,3.1171,3.6820,2.9759,3.3537,0.410,3.544
2009-02-25,3.2513,3.6961,2.6723,3.5337,0.254,3.554
2009-02-26,3.5337,3.7067,3.5337,3.5972,0.111,3.565
2009-02-27,3.6220,3.6739,3.3854,3.5655,0.115,3.577
2009-03-02,3.3537,3.4419,3.1101,3.2054,0.286,3.582
2009-03-03,3.1772,3.3254,3.0395,3.0642,0.162,3.581
2009-03-04,3.0042,3.2619,3.0042,3.2160,0.155,3.585
2009-03-05,3.1948,3.1948,2.9477,3.0730,0.185,3.587
2009-03-06,3.0503,3.0889,2.8241,2.9548,0.143,3.591
2009-03-09,3.0042,3.0783,2.8947,3.0465,0.091,3.601
2009-03-10,3.1772,3.2619,3.1136,3.1242,0.100,3.612
2009-03-11,3.1595,3.4243,3.1595,3.3113,0.095,3.624
2009-03-12,3.2831,3.3136,3.1419,3.2654,0.159,3.639
2009-03-13,3.3254,3.5619,3.3042,3.5337,0.122,3.653
2009-03-16,3.6114,3.7067,3.4949,3.5337,0.141,3.665
2009-03-17,3.4843,3.6714,3.3607,3.6361,0.112,3.670
2009-03-18,3.6361,3.6537,3.4596,3.5231,0.107,3.671
2009-03-19,3.5337,3.6184,3.5125,3.6184,0.115,3.668
2009-03-20,3.7067,3.7067,3.3537,3.3537,0.130,3.660
2009-03-23,3.4772,3.7773,3.4455,3.5867,0.183,3.658
2009-03-24,3.6008,3.7949,3.5549,3.6008,0.204,3.651
2009-03-25,3.8126,3.8126,3.6220,3.7632,0.083,3.648
2009-03-26,3.7949,3.8726,3.7879,3.8302,0.118,3.647
2009-03-27,3.8267,3.8761,3.6255,3.6820,0.062,3.648
2009-03-30,3.6290,3.6290,3.4243,3.5408,0.074,3.643
2009-03-31,3.5408,3.6793,3.4913,3.6114,0.061,3.640
2009-04-01,3.5302,3.6573,3.4666,3.5443,0.067,3.642
2009-04-02,3.6678,3.7420,3.5796,3.6396,0.073,3.642
2009-04-03,3.6396,3.8585,3.5161,3.8479,0.111,3.644
2009-04-06,3.8232,3.8655,3.7420,3.7455,0.060,3.646
2009-04-07,3.7596,3.9820,3.7455,3.8585,0.222,3.649
2009-04-08,3.9679,3.9714,3.8479,3.8585,0.153,3.651
2009-04-09,3.9679,4.2313,3.9361,4.1480,0.117,3.656
2009-04-13,4.0456,4.2362,3.8832,4.1621,0.176,3.661
2009-04-14,4.1550,4.2174,4.1127,4.1480,0.170,3.667
2009-04-15,4.1197,4.1762,4.0103,4.1480,0.078,3.671
2009-04-16,4.1480,4.2174,4.1303,4.1727,0.083,3.674
2009-04-17,4.2256,4.2256,4.1515,4.1727,0.077,3.679
2009-04-20,4.1162,4.1727,3.9573,3.9997,0.176,3.677
2009-04-21,4.0067,4.1744,3.9997,4.1232,0.100,3.678
2009-04-22,4.1197,4.2009,4.0067,4.1409,0.073,3.676
2009-04-23,4.1797,4.2327,4.1338,4.1727,0.079,3.677
2009-04-24,4.1762,4.2362,4.1480,4.1833,0.089,3.678
2009-04-27,4.1303,4.3315,4.1303,4.2318,0.097,3.678
2009-04-28,4.2150,4.4127,4.1833,4.4127,0.135,3.681
2009-04-29,4.4057,4.6775,4.3951,4.5398,0.169,3.690
2009-04-30,4.6486,4.6486,4.3801,4.3801,0.128,3.702
2009-05-01,4.4236,4.5063,4.3547,4.4236,0.057,3.713
2009-05-04,4.4091,4.7538,4.4091,4.4998,0.126,3.736
2009-05-05,4.5143,4.7502,4.5034,4.5797,0.102,3.765
2009-05-06,4.8409,4.8409,4.3692,4.6994,0.153,3.792
2009-05-07,4.7175,4.8046,4.3510,4.3619,0.128,3.809
2009-05-08,4.4889,4.5434,4.3257,4.3365,0.138,3.823
2009-05-11,4.3147,4.4381,4.2531,4.3474,0.096,3.839
2009-05-12,4.4526,4.4672,4.2639,4.2930,0.075,3.861
2009-05-13,4.2857,4.3438,4.1079,4.1442,0.069,3.882
2009-05-14,4.1841,4.5143,4.0825,4.3329,0.142,3.905
2009-05-15,4.2204,4.5397,4.2204,4.4708,0.076,3.933
2009-05-18,4.5942,4.6450,4.4563,4.5107,0.111,3.964
2009-05-19,4.5288,4.5542,4.3801,4.4672,0.063,3.992
2009-05-20,4.5942,4.7720,4.3801,4.6305,0.132,4.022
2009-05-21,4.4853,4.6958,4.4853,4.5688,0.118,4.048
2009-05-22,4.5361,4.7175,4.5180,4.6268,0.072,4.075
2009-05-26,4.5216,4.7103,4.5034,4.6450,0.130,4.097
2009-05-27,4.7792,4.7792,4.5361,4.5724,0.071,4.118
2009-05-28,4.6740,4.6813,4.5542,4.5542,0.063,4.136
2009-05-29,4.6704,4.7829,4.5724,4.7212,0.083,4.160
2009-06-01,4.8482,4.9353,4.7684,4.8736,0.125,4.185
2009-06-02,4.8845,4.9861,4.8525,4.9244,0.108,4.217
2009-06-03,4.8990,4.8990,4.7321,4.7829,0.074,4.241
2009-06-04,4.7684,4.9135,4.7684,4.8409,0.093,4.265
2009-06-05,4.9897,5.0514,4.8482,4.8990,0.085,4.288
2009-06-08,4.9571,4.9571,4.7430,4.8083,0.094,4.308
2009-06-09,4.8808,4.8808,4.6813,4.6849,0.091,4.328
2009-06-10,4.7865,4.7901,4.6305,4.6631,0.097,4.350
2009-06-11,4.7611,4.7611,4.5942,4.5942,0.120,4.370
2009-06-12,4.6014,4.7357,4.5542,4.6704,0.098,4.392
2009-06-15,4.6740,4.7139,4.4018,4.4817,0.142,4.409
2009-06-16,4.4091,4.5506,4.4091,4.4091,0.076,4.420
2009-06-17,4.4454,4.4454,4.2821,4.3474,0.124,4.432
2009-06-18,4.4635,4.7430,4.2676,4.3909,0.078,4.443
2009-06-19,4.5216,4.5216,4.2639,4.2639,0.081,4.451
2009-06-22,4.2639,4.4236,4.2095,4.4018,0.117,4.456
2009-06-23,4.3728,4.5143,4.3583,4.4164,0.094,4.461
2009-06-24,4.4998,4.6014,4.3547,4.3547,0.061,4.465
2009-06-25,4.3728,4.6268,4.3728,4.6268,0.052,4.475
2009-06-26,4.5397,4.7357,4.5397,4.7357,0.041,4.486
2009-06-29,4.7030,4.7030,4.4418,4.6994,0.111,4.497
2009-06-30,4.6740,4.6740,4.4998,4.6159,0.065,4.509
2009-07-01,4.6051,4.7103,4.6014,4.6595,0.086,4.520
2009-07-02,4.5470,4.7175,4.5470,4.6014,0.048,4.529
2009-07-06,4.5724,4.5978,4.3909,4.5797,0.068,4.537
2009-07-07,4.5143,4.5579,4.3837,4.4272,0.068,4.542
2009-07-08,4.3583,4.4817,4.3583,4.4091,0.058,4.546
2009-07-09,4.3801,4.5905,4.3801,4.5506,0.060,4.548
2009-07-10,4.5143,4.6196,4.4998,4.5760,0.038,4.549
2009-07-13,4.5869,4.6704,4.5434,4.6305,0.064,4.554
2009-07-14,4.6885,4.6885,4.4998,4.5034,0.109,4.556
2009-07-15,4.6051,4.9063,4.6051,4.7901,0.141,4.562
2009-07-16,4.8228,5.0151,4.8228,4.9679,0.096,4.569
2009-07-17,5.0187,5.1675,4.7321,5.0804,0.095,4.577
2009-07-20,5.1312,5.2800,5.0804,5.0950,0.122,4.592
2009-07-21,5.1312,5.2619,5.0804,5.1349,0.138,4.608
2009-07-22,5.1712,5.3526,5.1349,5.3272,0.125,4.627
2009-07-23,5.3490,5.4578,5.3163,5.4252,0.178,4.650
2009-07-24,5.4397,5.5159,5.3774,5.4651,0.084,4.676
2009-07-27,5.5631,5.6429,5.4796,5.5377,0.209,4.700
2009-07-28,5.5486,5.5849,5.4143,5.4506,0.130,4.720
2009-07-29,5.4216,5.4978,5.3707,5.4361,0.167,4.738
2009-07-30,5.5232,5.5377,5.4216,5.4324,0.128,4.758
2009-07-31,5.4199,5.6055,5.3530,5.5758,0.155,4.777
2009-08-03,5.7503,5.7503,5.5387,5.5498,0.097,4.796
2009-08-04,5.4050,5.5684,5.4050,5.5684,0.088,4.815
2009-08-05,5.6240,5.6240,5.3679,5.4755,0.070,4.832
2009-08-06,5.3827,5.5609,5.3308,5.3716,0.087,4.848
2009-08-07,5.3865,5.5535,5.3865,5.4904,0.066,4.866
2009-08-10,5.4904,5.5684,5.4080,5.5646,0.074,4.883
2009-08-11,5.5684,5.6500,5.4199,5.6426,0.138,4.899
2009-08-12,5.6426,5.6909,5.4199,5.4533,0.158,4.909
2009-08-13,5.5090,5.5869,5.3308,5.4013,0.165,4.922
2009-08-14,5.3530,5.5684,5.3530,5.4459,0.108,4.934
2009-08-17,5.4162,5.4162,5.2157,5.2380,0.094,4.940
2009-08-18,5.2899,5.3568,5.2194,5.3085,0.085,4.950
2009-08-19,5.2008,5.4087,5.2008,5.4087,0.128,4.965
2009-08-20,5.3865,5.5684,5.3319,5.5684,0.184,4.983
2009-08-21,5.5387,5.6500,5.4607,5.6463,0.201,5.004
2009-08-24,5.6649,5.7725,5.6574,5.7725,0.144,5.026
2009-08-25,5.7577,5.8356,5.6797,5.7354,0.075,5.051
2009-08-26,5.7762,5.7985,5.7168,5.7428,0.077,5.078
2009-08-27,5.7762,5.7837,5.6500,5.7354,0.068,5.106
2009-08-28,5.7985,5.8356,5.7168,5.7725,0.080,5.133
2009-08-31,5.8505,5.8542,5.6797,5.7874,0.119,5.164
2009-09-01,5.8096,5.8839,5.6463,5.6983,0.097,5.190
2009-09-02,5.6463,5.6945,5.5684,5.6055,0.057,5.213
2009-09-03,5.7057,5.8444,5.6240,5.7168,0.061,5.241
2009-09-04,5.7762,5.8431,5.5721,5.7948,0.076,5.264
2009-09-08,5.9841,5.9841,5.8542,5.8542,0.150,5.286
2009-09-09,5.9637,6.2069,5.9359,6.0547,0.273,5.314
2009-09-10,6.0621,6.0918,6.0027,6.0101,0.084,5.341
2009-09-11,6.0287,6.0695,5.9247,5.9619,0.126,5.367
2009-09-14,5.9284,5.9946,5.9062,5.9359,0.062,5.394
2009-09-15,5.9359,5.9953,5.9210,5.9210,0.078,5.421
2009-09-16,5.9915,6.1400,5.9915,6.0584,0.093,5.454
2009-09-17,6.0732,6.1512,5.9878,5.9878,0.072,5.485
2009-09-18,6.1400,6.2180,5.8839,6.2180,0.114,5.519
2009-09-21,6.0324,6.1545,5.9581,6.0547,0.077,5.548
2009-09-22,6.2069,6.2069,6.0732,6.1586,0.074,5.579
2009-09-23,6.2700,6.2700,6.0324,6.1326,0.089,5.611
2009-09-24,6.2403,6.2403,5.9767,6.0138,0.062,5.636
2009-09-25,5.9767,6.1623,5.9619,6.0398,0.074,5.657
2009-09-28,6.0398,6.1951,6.0398,6.1029,0.046,5.678
2009-09-29,6.0584,6.1846,6.0584,6.1252,0.038,5.698
2009-09-30,6.1697,6.1809,5.9507,5.9730,0.112,5.715
2009-10-01,5.9322,5.9730,5.7762,5.8839,0.087,5.726
2009-10-02,5.7762,5.9619,5.6055,5.9136,0.105,5.736
2009-10-05,5.8876,6.2551,5.8876,6.2069,0.121,5.751
2009-10-06,6.3553,6.4036,6.1920,6.2774,0.074,5.765
2009-10-07,6.2978,6.3145,6.1994,6.2217,0.043,5.781
2009-10-08,6.3368,6.3368,6.0324,6.1623,0.098,5.795
2009-10-09,6.1697,6.1809,6.0287,6.0472,0.078,5.808
2009-10-12,6.1994,6.3071,6.1289,6.2551,0.080,5.821
2009-10-13,6.3108,6.3145,6.2737,6.3108,0.099,5.837
2009-10-14,6.3182,6.4444,6.2922,6.2960,0.093,5.851
2009-10-15,6.3850,6.3999,6.2254,6.3108,0.087,5.868
2009-10-16,6.3368,6.3368,6.2551,6.2625,0.062,5.886
2009-10-19,6.4222,6.4333,6.3405,6.3888,0.128,5.904
2009-10-20,6.4259,6.4704,6.3888,6.3925,0.096,5.920
2009-10-21,6.4333,6.7191,6.4222,6.5818,0.151,5.939
2009-10-22,6.5150,6.6560,6.4222,6.4593,0.078,5.959
2009-10-23,6.5261,6.5632,6.4593,6.4704,0.073,5.980
2009-10-26,6.5298,6.5892,6.3108,6.3628,0.136,5.999
2009-10-27,6.3702,6.4562,6.3108,6.3442,0.063,6.021
2009-10-28,6.3850,6.3850,6.2217,6.2366,0.122,6.039
2009-10-29,6.2797,6.3707,6.2152,6.2152,0.126,6.056
2009-10-30,6.2190,6.2911,5.9422,6.1432,0.133,6.067
2009-11-02,6.1545,6.2911,5.8777,5.9725,0.149,6.074
2009-11-03,5.9460,6.0408,5.7602,5.9270,0.185,6.077
2009-11-04,5.9536,6.0825,5.7829,5.7829,0.168,6.078
2009-11-05,5.8777,6.2607,5.7753,6.1052,0.114,6.085
2009-11-06,6.1128,6.2380,6.0787,6.1242,0.087,6.093
2009-11-09,6.1621,6.3290,6.1621,6.3290,0.131,6.104
2009-11-10,6.3100,6.3631,6.1242,6.2228,0.079,6.112
2009-11-11,6.2493,6.3441,6.2213,6.2835,0.068,6.124
2009-11-12,6.2266,6.2911,6.2266,6.2569,0.039,6.137
2009-11-13,6.2797,6.3252,6.2342,6.2873,0.052,6.149
2009-11-16,6.2873,6.3707,6.2873,6.3138,0.076,6.159
2009-11-17,6.2873,6.4010,6.2698,6.3972,0.062,6.170
2009-11-18,6.3745,6.4427,6.3328,6.4124,0.046,6.177
2009-11-19,6.4086,6.4427,6.2607,6.3404,0.053,6.184
2009-11-20,6.2835,6.4276,6.2645,6.3972,0.037,6.192
2009-11-23,6.4086,6.4958,6.3896,6.4238,0.060,6.202
2009-11-24,6.4427,6.5375,6.4131,6.5375,0.054,6.214
2009-11-25,6.5337,6.5603,6.5034,6.5527,0.054,6.224
2009-11-27,6.4238,6.5413,6.3745,6.5072,0.029,6.235
2009-11-30,6.5565,6.6930,6.5148,6.5451,0.118,6.241
2009-12-01,6.6248,6.7461,6.5224,6.7461,0.092,6.255
2009-12-02,6.7082,6.7423,6.5413,6.7044,0.131,6.266
2009-12-03,6.7499,6.7575,6.5868,6.6437,0.059,6.276
2009-12-04,6.6665,6.7461,6.6059,6.7120,0.060,6.290
2009-12-07,6.7120,6.7499,6.6593,6.7006,0.063,6.303
2009-12-08,6.6361,6.7840,6.5795,6.6551,0.071,6.314
2009-12-09,6.6513,6.6665,6.5489,6.5906,0.060,6.324
2009-12-10,6.6172,6.8674,6.5906,6.7575,0.114,6.339
2009-12-11,6.6361,7.1253,6.6361,6.8674,0.097,6.359
2009-12-14,6.8788,7.1101,6.6930,7.1101,0.118,6.383
2009-12-15,7.0040,7.0988,6.6361,7.0722,0.148,6.400
2009-12-16,7.0722,7.1101,6.9281,6.9585,0.082,6.414
2009-12-17,6.9698,7.1481,6.9205,7.0836,0.070,6.431
2009-12-18,7.1291,7.2960,6.4465,6.4465,0.370,6.437
2009-12-21,6.6892,7.0722,6.6361,7.0267,0.244,6.456
2009-12-22,7.1101,7.2770,7.0343,7.2353,0.115,6.476
2009-12-23,7.3187,7.3945,7.2619,7.2808,0.102,6.495
2009-12-24,7.3035,7.4249,7.2876,7.3983,0.061,6.518
2009-12-28,7.4893,7.5652,7.1708,7.1974,0.109,6.535
2009-12-29,7.2012,7.3528,7.1177,7.2656,0.060,6.555
2009-12-30,7.2922,7.2997,7.1746,7.2049,0.042,6.572
2009-12-31,7.2239,7.2315,7.1481,7.1670,0.062,6.587
2010-01-04,7.5652,7.5652,7.2846,7.3832,0.121,6.603
2010-01-05,7.3377,7.5652,7.3377,7.4059,0.105,6.622
2010-01-06,7.5235,7.5538,7.4287,7.4287,0.177,6.641
2010-01-07,7.4893,7.5424,7.4401,7.4628,0.108,6.663
2010-01-08,7.5083,7.7130,7.4135,7.4704,0.170,6.686
2010-01-11,7.4438,7.5842,7.4438,7.5500,0.231,6.712
2010-01-12,7.5462,7.5842,7.5045,7.5690,0.106,6.739
2010-01-13,7.6524,7.6524,7.3339,7.3339,0.132,6.763
2010-01-14,7.3964,7.7169,7.3964,7.6448,0.192,6.796
2010-01-15,7.6410,7.7131,7.3945,7.5386,0.128,6.829
2010-01-19,7.4856,7.9444,7.4856,7.9065,0.136,6.871
2010-01-20,7.8155,7.9634,7.7775,7.9216,0.093,6.907
2010-01-21,7.9482,7.9634,7.6334,7.7017,0.094,6.939
2010-01-22,7.6524,7.7320,7.5197,7.6410,0.109,6.965
2010-01-25,7.7055,7.7055,7.4818,7.5500,0.220,6.992
2010-01-26,7.5917,7.7510,7.5349,7.6979,0.119,7.020
2010-01-27,7.6979,7.7320,7.4514,7.4780,0.123,7.044
2010-01-28,7.4856,7.5386,7.3149,7.3915,0.068,7.067
2010-01-29,7.4742,7.5842,7.4173,7.4590,0.105,7.089
2010-02-01,7.5235,7.7169,7.4514,7.5917,0.100,7.113
2010-02-02,7.5766,7.7055,7.4704,7.6297,0.139,7.138
2010-02-03,7.5689,7.6577,7.4878,7.5728,0.100,7.162
2010-02-04,7.5303,7.5419,7.1982,7.4917,0.226,7.184
2010-02-05,7.3758,7.4338,6.9279,7.1982,0.211,7.200
2010-02-08,7.2021,7.3411,7.1442,7.2638,0.075,7.214
2010-02-09,7.3874,7.4144,7.2600,7.3565,0.080,7.230
2010-02-10,7.3758,7.3870,7.1789,7.1789,0.074,7.244
2010-02-11,7.1943,7.3720,7.1596,7.3720,0.046,7.260
2010-02-12,7.3874,7.5033,7.2600,7.4801,0.095,7.275
2010-02-16,7.5303,7.7581,7.5148,7.7079,0.115,7.295
2010-02-17,7.7620,7.8740,7.6886,7.7620,0.064,7.317
2010-02-18,7.7620,7.8392,7.7234,7.7659,0.070,7.338
2010-02-19,7.7118,7.7813,7.5766,7.6770,0.087,7.358
2010-02-22,7.7234,7.7620,7.5882,7.6770,0.051,7.378
2010-02-23,7.6925,7.7466,7.6075,7.6346,0.060,7.399
2010-02-24,7.6577,7.7195,7.4299,7.4724,0.116,7.414
2010-02-25,7.4492,7.7118,7.3449,7.6925,0.089,7.430
2010-02-26,7.7234,7.7234,7.6307,7.6481,0.058,7.441
2010-03-01,7.6655,7.8238,7.6577,7.8238,0.110,7.456
2010-03-02,7.7697,7.8122,7.7427,7.7543,0.090,7.472
2010-03-03,7.7562,7.8276,7.7543,7.8276,0.072,7.487
2010-03-04,7.8547,7.8585,7.6693,7.7543,0.077,7.513
2010-03-05,7.8585,8.1057,7.7813,8.1018,0.138,7.534
2010-03-08,8.1289,8.3374,8.1095,8.2795,0.100,7.555
2010-03-09,8.2640,8.3679,8.2183,8.3374,0.057,7.576
2010-03-10,8.3567,8.3567,8.2254,8.3104,0.075,7.595
2010-03-11,8.3026,8.3181,8.1636,8.2949,0.072,7.617
2010-03-12,8.3026,8.3683,8.1984,8.3219,0.056,7.638
2010-03-15,8.3026,8.3606,8.1485,8.3528,0.053,7.661
2010-03-16,7.8470,7.9358,7.8199,7.8972,2.332,7.675
2010-03-17,7.8431,7.9435,7.8431,7.9358,0.525,7.686
2010-03-18,7.9435,7.9435,7.9010,7.9358,0.356,7.697
2010-03-19,7.9242,7.9551,7.8778,7.9435,0.346,7.707
2010-03-22,7.9358,7.9551,7.8663,7.9551,0.301,7.717
2010-03-23,7.9049,7.9666,7.8701,7.8701,0.236,7.725
2010-03-24,7.8354,7.8778,7.6191,7.6373,0.243,7.727
2010-03-25,7.6191,7.7079,7.5496,7.6075,0.239,7.728
2010-03-26,7.5998,7.5998,7.3411,7.4338,0.395,7.730
2010-03-29,7.4415,7.6075,7.3951,7.5535,0.159,7.728
2010-03-30,7.5303,7.6075,7.4917,7.5264,0.110,7.727
2010-03-31,7.5264,7.6037,7.4685,7.5264,0.100,7.720
2010-04-01,7.5728,7.6886,7.5071,7.6384,0.224,7.714
2010-04-05,7.6461,7.8276,7.6461,7.7620,0.174,7.715
2010-04-06,7.7272,7.9358,7.7272,7.8399,0.171,7.719
2010-04-07,7.8354,7.8431,7.7350,7.7774,0.111,7.724
2010-04-08,7.7272,7.7620,7.6075,7.7234,0.127,7.724
2010-04-09,7.6886,7.7504,7.6175,7.7002,0.116,7.729
2010-04-12,7.7041,7.8122,7.6655,7.7620,0.161,7.736
2010-04-13,7.7890,7.7890,7.6268,7.7852,0.228,7.743
2010-04-14,7.7659,7.9358,7.7659,7.8508,0.240,7.748
2010-04-15,7.8392,7.9087,7.7272,7.8778,0.199,7.753
2010-04-16,7.8122,7.8392,7.5959,7.7272,0.169,7.756
2010-04-19,7.6886,7.7929,7.6307,7.7697,0.148,7.762
2010-04-20,7.8083,7.9396,7.8083,7.9317,0.188,7.776
2010-04-21,7.9551,7.9551,7.8122,7.8238,0.170,7.788
2010-04-22,7.8083,7.8392,7.6886,7.8392,0.108,7.797
2010-04-23,7.7736,7.9435,7.7736,7.9203,0.132,7.812
2010-04-26,7.9049,7.9705,7.8972,7.9164,0.176,7.823
2010-04-27,7.9049,7.9384,7.7929,7.7967,0.105,7.829
2010-04-28,7.8470,7.9435,7.6539,7.7350,0.176,7.830
2010-04-29,7.7311,7.8972,7.6732,7.6732,0.141,7.828
2010-04-30,7.7892,7.8561,7.6869,7.7263,0.127,7.827
2010-05-03,7.7184,7.7499,7.5532,7.7499,0.146,7.829
2010-05-04,7.6712,7.6712,7.3407,7.4666,0.317,7.824
2010-05-05,7.4037,7.4037,6.0858,6.9238,0.918,7.810
2010-05-06,6.9080,7.2503,6.2510,6.8844,0.473,7.798
2010-05-07,6.5500,7.1126,6.5500,6.9316,0.272,7.783
2010-05-10,7.1991,7.3207,7.1362,7.1785,0.153,7.774
2010-05-11,7.2542,7.4155,7.1795,7.3132,0.227,7.764
2010-05-12,7.2857,7.5138,7.1913,7.4391,0.150,7.757
2010-05-13,7.3329,7.6201,7.0614,7.2503,0.168,7.746
2010-05-14,7.2699,7.3880,7.0736,7.2188,0.154,7.735
2010-05-17,7.2699,7.2817,6.8844,6.9867,0.175,7.713
2010-05-18,7.1283,7.1283,6.9946,7.0260,0.162,7.688
2010-05-19,7.0024,7.0579,6.7546,6.9001,0.190,7.659
2010-05-20,6.8018,6.8805,6.2668,6.6838,0.452,7.626
2010-05-21,6.4556,6.9434,6.4399,6.9434,0.174,7.599
2010-05-24,6.8254,7.1362,6.8254,6.8883,0.094,7.571
2010-05-25,6.7113,7.0378,6.6798,6.9828,0.242,7.543
2010-05-26,7.0772,7.1952,6.9965,7.0811,0.206,7.527
2010-05-27,7.1637,7.2692,7.1106,7.1401,0.110,7.511
2010-05-28,7.1362,7.2227,6.9552,6.9552,0.100,7.491
2010-06-01,6.8883,7.0654,6.8451,7.0654,0.101,7.474
2010-06-02,6.9631,7.1086,6.4753,7.0654,0.087,7.456
2010-06-03,7.0929,7.1991,7.0103,7.1873,0.142,7.442
2010-06-04,6.9592,7.2266,6.9592,7.1323,0.069,7.432
2010-06-07,7.1519,7.2483,7.0772,7.1047,0.115,7.422
2010-06-08,7.1441,7.2463,7.0614,7.0772,0.155,7.415
2010-06-09,7.1401,7.1401,7.0614,7.0654,0.143,7.405
2010-06-10,7.1362,7.3014,7.0850,7.2739,0.137,7.400
2010-06-11,7.2306,7.5060,7.2306,7.4824,0.170,7.399
2010-06-14,7.4548,7.6551,7.4548,7.4902,0.233,7.397
2010-06-15,7.5020,7.6437,7.4902,7.5965,0.122,7.393
2010-06-16,7.5807,7.6673,7.5296,7.6358,0.130,7.389
2010-06-17,7.6673,7.6673,7.5611,7.6083,0.082,7.386
2010-06-18,7.6476,7.6554,7.5729,7.5847,0.113,7.383
2010-06-21,7.6633,7.7298,7.5335,7.5335,0.167,7.380
2010-06-22,7.5453,7.7617,7.5217,7.6262,0.118,7.377
2010-06-23,7.5807,7.5965,7.4312,7.5138,0.149,7.371
2010-06-24,7.4981,7.6476,7.4273,7.5925,0.093,7.366
2010-06-25,7.6319,7.7696,7.5256,7.6909,0.123,7.363
2010-06-28,7.6909,7.7263,7.5847,7.6043,0.159,7.360
2010-06-29,7.5847,7.5847,7.3880,7.4234,0.211,7.353
2010-06-30,7.4509,7.5571,7.3884,7.5335,0.159,7.345
2010-07-01,7.4588,7.5925,7.2503,7.5925,0.224,7.341
2010-07-02,7.6201,7.6535,7.5217,7.5925,0.099,7.336
2010-07-06,7.6358,7.6901,7.4745,7.5335,0.101,7.328
2010-07-07,7.5296,7.8640,7.5296,7.8640,0.153,7.327
2010-07-08,7.8600,7.9072,7.7696,7.8482,0.148,7.328
2010-07-09,7.8286,7.9269,7.8286,7.8718,0.120,7.331
2010-07-12,7.8836,7.9249,7.8010,7.8286,0.155,7.334
2010-07-13,7.9151,8.0371,7.8718,7.9820,0.226,7.339
2010-07-14,7.9584,8.0449,7.9533,7.9977,0.175,7.344
2010-07-15,8.0194,8.0882,7.9662,8.0882,0.180,7.356
2010-07-16,8.0253,8.0882,7.9977,8.0410,0.193,7.379
2010-07-19,8.0331,8.1433,7.9662,8.0803,0.170,7.403
2010-07-20,8.0410,8.1590,8.0253,8.1433,0.530,7.427
2010-07-21,8.1629,8.2023,8.0961,8.0961,0.252,7.445
2010-07-22,8.1590,8.2141,8.1393,8.1472,0.219,7.462
2010-07-23,8.1944,8.2416,8.0961,8.2062,0.162,7.477
2010-07-26,8.2416,8.2613,8.1039,8.2023,0.221,7.496
2010-07-27,8.2180,8.2574,8.0567,8.1118,0.261,7.514
2010-07-28,8.1118,8.2416,8.0253,8.1118,0.226,7.537
2010-07-29,8.1236,8.2062,7.9505,8.1629,0.216,7.559
2010-07-30,8.0072,8.2475,8.0072,8.2475,0.150,7.586
2010-08-02,8.3076,8.3717,8.2555,8.3116,0.205,7.619
2010-08-03,8.2315,8.3637,8.0793,8.3517,0.180,7.647
2010-08-04,8.3637,8.4037,8.2796,8.3156,0.108,7.676
2010-08-05,8.3076,8.4118,8.3076,8.3717,0.180,7.703
2010-08-06,8.3517,8.5239,8.3236,8.5199,0.243,7.732
2010-08-09,8.5680,8.5760,8.3717,8.4438,0.182,7.758
2010-08-10,8.3557,8.4118,8.2716,8.3397,0.122,7.786
2010-08-11,8.1995,8.2756,8.0032,8.1073,0.226,7.807
2010-08-12,7.9070,8.0553,7.8109,8.0232,0.222,7.826
2010-08-13,8.0432,8.2195,8.0432,8.2035,0.145,7.846
2010-08-16,8.1914,8.2996,8.1314,8.2716,0.132,7.869
2010-08-17,8.3116,8.3677,8.2155,8.2155,0.130,7.891
2010-08-18,8.1674,8.1955,8.1073,8.1554,0.109,7.913
2010-08-19,8.1594,8.2275,8.1434,8.2115,0.100,7.936
2010-08-20,8.2115,8.2475,8.0513,8.2395,0.093,7.955
2010-08-23,8.2235,8.3477,8.1634,8.3316,0.110,7.972
2010-08-24,8.2315,8.2756,8.0392,8.1554,0.115,7.985
2010-08-25,8.1113,8.4037,8.0793,8.4037,0.120,8.001
2010-08-26,8.3316,8.4037,8.2595,8.4037,0.167,8.017
2010-08-27,8.3717,8.4879,8.3429,8.4879,0.104,8.034
2010-08-30,8.4839,8.5119,8.4198,8.5119,0.147,8.053
2010-08-31,8.4718,8.5359,8.4318,8.4718,0.263,8.072
2010-09-01,8.5279,8.6040,8.4558,8.5920,0.168,8.091
2010-09-02,8.6080,8.6120,8.5199,8.6080,0.081,8.113
2010-09-03,8.6120,8.6120,8.4879,8.5880,0.076,8.133
2010-09-07,8.6000,8.7442,8.5479,8.7442,0.177,8.154
2010-09-08,8.6881,8.7683,8.5840,8.5920,0.146,8.174
2010-09-09,8.6321,8.7923,8.6200,8.7683,0.105,8.200
2010-09-10,8.7923,8.9365,8.7122,8.8924,0.169,8.228
2010-09-13,9.0006,9.1368,8.9044,9.1007,0.209,8.258
2010-09-14,9.1328,9.3531,9.0807,9.2930,0.240,8.292
2010-09-15,9.2890,9.2970,8.9846,9.1047,0.337,8.323
2010-09-16,9.1248,9.2930,9.0847,9.2169,0.258,8.350
2010-09-17,9.2169,9.3170,9.2009,9.2009,0.233,8.377
2010-09-20,9.2129,9.4051,9.1848,9.3210,0.121,8.406
2010-09-21,9.3130,9.3130,9.1368,9.1688,0.119,8.433
2010-09-22,9.1728,9.2810,9.1368,9.1928,0.111,8.457
2010-09-23,9.1368,9.2740,9.0607,9.1207,0.095,8.480
2010-09-24,9.1728,9.2129,8.8964,8.9765,0.160,8.498
2010-09-27,8.9886,9.1288,8.9004,8.9485,0.133,8.516
2010-09-28,8.9125,9.2129,8.9125,9.2129,0.102,8.538
2010-09-29,9.1888,9.3611,9.1888,9.2730,0.086,8.561
2010-09-30,9.3210,9.4212,9.1809,9.4212,0.100,8.587
2010-10-01,9.3611,9.4973,9.2449,9.4973,0.099,8.614
2010-10-04,9.4572,9.4853,9.3254,9.3491,0.059,8.637
2010-10-05,9.4292,9.6281,9.4051,9.6255,0.087,8.666
2010-10-06,9.6295,9.7056,9.4933,9.6014,0.083,8.696
2010-10-07,9.6295,9.9539,9.5093,9.9539,0.219,8.732
2010-10-08,9.9058,10.0100,9.7216,9.9900,0.214,8.769
2010-10-11,9.9659,10.0039,9.8618,9.8778,0.111,8.802
2010-10-12,9.8538,9.8894,9.7176,9.8257,0.120,8.832
2010-10-13,9.9339,10.0941,9.8498,10.0941,0.175,8.867
2010-10-14,10.1141,10.1141,9.9739,10.0180,0.125,8.901
2010-10-15,10.0340,10.0941,9.9139,10.0661,0.106,8.935
2010-10-18,10.0861,10.1221,10.0260,10.0901,0.077,8.966
2010-10-19,10.0741,10.1582,9.9980,10.1582,0.126,9.000
2010-10-20,10.1742,10.4626,10.0581,10.4146,0.163,9.042
2010-10-21,10.5107,10.5107,10.3145,10.3625,0.104,9.087
2010-10-22,10.4666,10.4666,10.3144,10.4346,0.077,9.135
2010-10-25,10.5307,10.5948,9.9739,10.1141,0.326,9.173
2010-10-26,10.1742,10.2784,10.1141,10.1582,0.168,9.211
2010-10-27,10.1862,10.2143,10.0981,10.1782,0.129,9.250
2010-10-28,10.1822,10.2183,10.1141,10.1742,0.087,9.291
2010-10-29,10.0733,10.3254,10.0733,10.3254,0.148,9.333
2010-11-01,10.4027,10.4190,10.0733,10.1384,0.122,9.371
2010-11-02,10.1750,10.2644,10.1140,10.1790,0.072,9.408
2010-11-03,10.1099,10.1863,9.9594,10.0082,0.143,9.445
2010-11-04,9.6097,9.8740,9.5975,9.7398,3.304,9.472
2010-11-05,9.6829,9.9391,9.6788,9.8740,0.795,9.501
2010-11-08,9.8618,9.9920,9.8049,9.9798,0.496,9.531
2010-11-09,9.9391,9.9635,9.7602,9.8618,0.486,9.558
2010-11-10,9.7764,9.8415,9.6544,9.8090,0.336,9.585
2010-11-11,9.7195,9.8415,9.6992,9.8008,0.222,9.609
2010-11-12,9.7846,9.9183,9.7398,9.8293,0.269,9.633
2010-11-15,9.9025,9.9554,9.8049,9.8659,0.176,9.659
2010-11-16,9.7480,9.7520,9.2599,9.4511,0.590,9.673
2010-11-17,9.4145,9.6097,9.4023,9.5283,0.185,9.692
2010-11-18,9.6585,9.7724,9.6138,9.7073,0.240,9.711
2010-11-19,9.6544,9.7764,9.5918,9.7764,0.131,9.728
2010-11-22,9.7968,9.8350,9.6304,9.7886,0.184,9.742
2010-11-23,9.7195,9.8049,9.6870,9.7846,0.170,9.752
2010-11-24,9.8212,9.9188,9.8010,9.8740,0.168,9.767
2010-11-26,9.8415,9.9269,9.8049,9.9147,0.068,9.781
2010-11-29,9.9147,9.9188,9.8008,9.8781,0.132,9.795
2010-11-30,9.8578,9.9432,9.8415,9.9350,0.152,9.807
2010-12-01,9.9635,9.9920,9.8090,9.8212,0.181,9.820
2010-12-02,9.8618,9.9391,9.7764,9.9391,0.286,9.835
2010-12-03,9.9228,9.9594,9.8496,9.9513,0.217,9.852
2010-12-06,9.9798,10.2116,9.9513,10.1058,0.272,9.874
2010-12-07,10.1912,10.2644,10.1343,10.2156,0.289,9.899
2010-12-08,10.2278,10.2482,10.0489,10.0611,0.189,9.916
2010-12-09,10.1221,10.1994,10.0611,10.1994,0.176,9.935
2010-12-10,10.2075,10.2319,10.1628,10.1872,0.229,9.950
2010-12-13,10.2116,10.3173,10.1953,10.2848,0.195,9.966
2010-12-14,10.3173,10.3214,10.2319,10.2848,0.167,9.985
2010-12-15,10.2807,10.2888,10.0855,10.1384,0.228,9.995
2010-12-16,10.1465,10.2482,10.0245,10.1140,0.152,10.005
2010-12-17,10.1140,10.1790,9.9391,10.1790,0.268,10.010
2010-12-20,10.1546,10.2359,9.7683,10.1994,0.186,10.014
2010-12-21,10.1872,10.3498,10.1712,10.3458,0.134,10.023
2010-12-22,10.3702,10.5084,10.3295,10.4922,0.117,10.037
2010-12-23,10.3824,10.4857,10.3132,10.3498,0.154,10.042
2010-12-27,10.2685,10.4230,10.2156,10.3986,0.053,10.049
2010-12-28,10.4881,10.6752,10.4515,10.6711,0.210,10.061
2010-12-29,10.7768,10.9680,10.6752,10.8622,0.222,10.077
2010-12-30,10.9232,11.0778,10.7809,10.8175,0.154,10.090
2010-12-31,10.8378,10.8826,10.7362,10.7362,0.065,10.097
2011-01-03,10.9598,11.1428,10.9314,11.1144,0.249,10.112
2011-01-04,11.1062,11.1103,10.7565,10.8541,0.193,10.120
2011-01-05,10.6711,10.7565,10.6060,10.7565,0.197,10.133
2011-01-06,10.7890,10.7890,10.6548,10.7768,0.127,10.145
2011-01-07,10.7890,10.7890,10.6182,10.7362,0.117,10.156
2011-01-10,10.7199,10.8622,10.6426,10.8622,0.087,10.170
2011-01-11,10.8704,10.8704,10.6711,10.7158,0.119,10.178
2011-01-12,10.8968,10.9802,10.7972,10.8826,0.116,10.193
2011-01-13,10.8866,10.9598,10.8826,10.8988,0.145,10.207
2011-01-14,10.9110,10.9680,10.8826,10.9395,0.114,10.226
2011-01-18,10.9639,11.1103,10.9639,11.0615,0.154,10.252
2011-01-19,11.0615,11.1469,10.8582,10.9395,0.173,10.274
2011-01-20,11.0046,11.1916,10.6548,10.8460,0.177,10.291
2011-01-21,10.9029,11.0489,10.8744,11.0168,0.123,10.314
2011-01-24,11.0818,11.1835,10.9517,11.0534,0.161,10.339
2011-01-25,11.0940,11.1184,10.9395,11.0574,0.098,10.364
2011-01-26,11.0981,11.3828,11.0656,11.3828,0.221,10.395
2011-01-27,11.3096,11.3868,11.3096,11.3299,0.128,10.424
2011-01-28,11.2933,11.3828,11.1266,11.1916,0.205,10.459
2011-01-31,11.2871,11.4398,11.1291,11.4356,0.170,10.497
2011-02-01,11.4398,11.4398,11.1964,11.2913,0.189,10.529
2011-02-02,11.2418,11.4480,11.2418,11.4480,0.113,10.562
2011-02-03,11.4439,11.4439,11.2624,11.4068,0.102,10.595
2011-02-04,11.3490,11.3861,11.2541,11.3201,0.115,10.625
2011-02-07,11.3861,11.3903,11.1635,11.2129,0.106,10.652
2011-02-08,11.2913,11.3201,11.1427,11.2211,0.145,10.678
2011-02-09,11.1881,11.2624,11.0726,11.1015,0.089,10.703
2011-02-10,11.0561,11.1015,10.8251,11.0479,0.147,10.725
2011-02-11,11.0231,11.1386,11.0231,11.1386,0.108,10.751
2011-02-14,11.2005,11.5512,11.1881,11.5429,0.225,10.784
2011-02-15,11.5512,11.6048,11.4645,11.5883,0.286,10.816
2011-02-16,11.6543,11.7120,11.6089,11.6955,0.287,10.848
2011-02-17,11.7120,11.8069,11.6254,11.7162,0.119,10.878
2011-02-18,11.7574,11.9142,11.7327,11.8564,0.109,10.914
2011-02-22,11.8606,12.0049,11.5924,11.7286,0.135,10.945
2011-02-23,11.7492,11.8234,11.4801,11.5347,0.159,10.972
2011-02-24,11.4810,11.6543,11.4810,11.6172,0.173,10.998
2011-02-25,11.6914,12.1782,11.6460,12.0916,0.151,11.034
2011-02-28,12.2071,12.3061,11.8606,12.0380,0.107,11.072
2011-03-01,12.1040,12.2112,11.8853,11.9224,0.105,11.108
2011-03-02,11.9018,12.0875,11.7863,11.9348,0.102,11.144
2011-03-03,11.9678,12.0421,11.0561,11.4810,0.375,11.169
2011-03-04,11.4728,11.7409,11.4604,11.6172,0.119,11.195
2011-03-07,11.6832,11.8441,11.5594,11.5924,0.101,11.217
2011-03-08,11.5759,11.7203,11.4728,11.6213,0.089,11.242
2011-03-09,11.5842,11.6411,11.3408,11.3614,0.077,11.261
2011-03-10,11.3201,11.3201,10.9736,11.0190,0.182,11.268
2011-03-11,10.9653,10.9736,10.3259,10.9447,0.362,11.270
2011-03-14,10.8746,11.1015,10.7302,10.9860,0.133,11.273
2011-03-15,10.6477,10.8787,10.5198,10.7921,0.105,11.274
2011-03-16,10.7550,11.0025,10.7096,10.9282,0.108,11.271
2011-03-17,11.0479,11.1180,11.0107,11.0685,0.072,11.275
2011-03-18,11.1262,11.1675,11.0190,11.0190,0.196,11.280
2011-03-21,11.1262,11.2748,11.0977,11.2748,0.082,11.290
2011-03-22,11.2995,11.3738,11.1881,11.3490,0.070,11.302
2011-03-23,11.2913,11.3738,11.2500,11.3036,0.033,11.311
2011-03-24,11.3779,11.5512,11.3284,11.5264,0.068,11.327
2011-03-25,11.5512,11.7327,11.5411,11.5842,0.073,11.342
2011-03-28,11.5677,11.6955,11.4327,11.4645,0.052,11.353
2011-03-29,11.4274,11.5264,11.3985,11.4728,0.039,11.364
2011-03-30,11.4852,11.5305,11.4604,11.5223,0.053,11.373
2011-03-31,11.5305,11.7574,11.4522,11.6790,0.067,11.388
2011-04-01,11.7327,11.7863,11.6419,11.6543,0.069,11.404
2011-04-04,11.6832,11.7162,11.6543,11.7038,0.060,11.417
2011-04-05,11.6749,11.7492,11.5718,11.7368,0.043,11.431
2011-04-06,11.7492,11.7574,11.6625,11.6914,0.046,11.444
2011-04-07,11.6337,11.6337,11.4604,11.5594,0.148,11.447
2011-04-08,11.5512,11.5718,11.3696,11.4109,0.101,11.449
2011-04-11,11.4233,11.6007,11.4150,11.4686,0.164,11.454
2011-04-12,11.4274,11.4718,11.1015,11.2913,0.155,11.452
2011-04-13,11.2913,11.4769,11.2789,11.4398,0.078,11.455
2011-04-14,11.3696,11.4686,11.2913,11.4315,0.047,11.454
2011-04-15,11.4645,11.5883,11.4315,11.5512,0.061,11.457
2011-04-18,11.5058,11.6254,11.4109,11.5305,0.115,11.461
2011-04-19,11.5017,11.6130,11.4480,11.5512,0.077,11.468
2011-04-20,11.6543,11.7360,11.5635,11.6295,0.138,11.476
2011-04-21,11.6749,11.8111,11.6395,11.8111,0.062,11.490
2011-04-25,11.8564,11.8606,11.7574,11.8276,0.049,11.506
2011-04-26,11.8564,11.9183,11.7657,11.8771,0.105,11.521
2011-04-27,11.9183,11.9472,11.8523,11.9431,0.078,11.529
2011-04-28,11.9348,11.9967,11.8853,11.9761,0.093,11.537
2011-04-29,11.9290,12.0295,11.6486,11.6863,0.163,11.536
2011-05-02,11.7114,11.9248,11.5649,11.6486,0.219,11.535
2011-05-03,11.6235,11.6235,11.4686,11.5188,0.152,11.528
2011-05-04,11.4895,11.4896,11.1338,11.2928,0.205,11.520
2011-05-05,11.1714,11.2970,10.9245,11.1338,0.183,11.512
2011-05-06,11.0752,11.5105,11.0752,11.4477,0.084,11.508
2011-05-09,11.4812,11.7909,11.4142,11.6946,0.134,11.500
2011-05-10,11.6444,11.6988,11.4815,11.6360,0.132,11.492
2011-05-11,11.6612,11.6821,11.1631,11.2719,0.127,11.479
2011-05-12,11.2049,11.2593,10.9705,11.2091,0.102,11.465
2011-05-13,11.2384,11.2970,11.0940,11.1547,0.085,11.458
2011-05-16,11.1212,11.1505,10.9119,10.9412,0.075,11.445
2011-05-17,10.8868,11.0040,10.6106,10.7152,0.156,11.427
2011-05-18,10.7026,10.9789,10.6528,10.9412,0.098,11.413
2011-05-19,10.9956,11.0961,10.9454,11.0626,0.064,11.407
2011-05-20,11.0961,11.1338,10.9454,11.1296,0.065,11.410
2011-05-23,11.0249,11.0877,10.9705,10.9956,0.058,11.411
2011-05-24,11.0333,11.1170,10.9496,10.9831,0.060,11.411
2011-05-25,10.9747,11.2342,10.9747,11.2007,0.054,11.419
2011-05-26,11.2133,11.2761,10.9705,11.1924,0.056,11.424
2011-05-27,11.2510,11.3514,11.2133,11.3012,0.037,11.429
2011-05-31,11.4016,11.5105,11.2886,11.4812,0.111,11.438
2011-06-01,11.4519,11.6486,11.3514,11.3932,0.093,11.440
2011-06-02,11.3012,11.4979,11.1924,11.4519,0.092,11.442
2011-06-03,11.3556,11.5063,11.3012,11.5063,0.095,11.446
2011-06-06,11.5105,11.5900,11.4268,11.4393,0.257,11.445
2011-06-07,11.4812,11.6653,11.4026,11.4519,0.060,11.442
2011-06-08,11.4728,11.5314,11.3058,11.3765,0.067,11.440
2011-06-09,11.4477,11.8453,11.4477,11.8035,0.157,11.447
2011-06-10,11.8118,12.0923,11.7072,12.0546,0.176,11.458
2011-06-13,12.0337,12.1174,11.5561,11.6570,0.097,11.457
2011-06-14,11.6905,11.9039,11.6067,11.6067,0.068,11.456
2011-06-15,11.5398,11.6235,11.2677,11.4854,0.094,11.452
2011-06-16,11.3975,11.5230,11.1798,11.3179,0.137,11.443
2011-06-17,11.3598,11.3682,11.0710,11.0710,0.140,11.431
2011-06-20,11.0584,11.3933,11.0082,11.3849,0.063,11.428
2011-06-21,11.4519,11.7156,11.4456,11.6528,0.139,11.432
2011-06-22,11.6360,11.9290,11.5774,11.8872,0.065,11.441
2011-06-23,11.8076,11.9332,11.6143,11.8537,0.080,11.452
2011-06-24,11.9039,11.9290,11.7198,11.7700,0.059,11.459
2011-06-27,11.7114,11.9039,11.1965,11.2677,0.271,11.455
2011-06-28,11.4058,11.6528,11.3941,11.5398,0.118,11.455
2011-06-29,11.4728,11.7490,11.4226,11.4393,0.209,11.453
2011-06-30,11.5523,11.6653,11.3263,11.4100,0.172,11.450
2011-07-01,11.4226,11.5398,11.4058,11.5147,0.156,11.448
2011-07-05,11.5774,11.6277,11.5147,11.5733,0.096,11.443
2011-07-06,11.5314,11.5691,11.4058,11.5691,0.096,11.438
2011-07-07,11.6905,11.7700,11.6080,11.6737,0.106,11.434
2011-07-08,11.5942,11.6319,11.4895,11.5816,0.095,11.427
2011-07-11,11.5021,11.5272,11.3975,11.4979,0.087,11.417
2011-07-12,11.4519,11.4895,11.2342,11.3640,0.177,11.411
2011-07-13,11.4812,11.7532,11.2175,11.3012,0.338,11.404
2011-07-14,11.4854,11.7080,11.3807,11.4477,0.503,11.403
2011-07-15,10.9454,10.9622,10.8617,10.9036,5.041,11.395
2011-07-18,10.8826,10.9203,10.8198,10.8868,0.533,11.390
2011-07-19,10.9287,10.9454,10.8198,10.8701,0.424,11.378
2011-07-20,10.8701,10.8994,10.8198,10.8408,0.277,11.361
2011-07-21,10.8240,10.8868,10.8198,10.8659,0.315,11.346
2011-07-22,10.8743,10.8994,10.8198,10.8617,0.399,11.338
2011-07-25,10.8198,10.8575,10.7822,10.7947,0.298,11.329
2011-07-26,10.8031,10.8203,10.6817,10.6817,0.357,11.320
2011-07-27,10.6817,10.7403,10.5896,10.5980,0.366,11.313
2011-07-28,10.5771,10.7947,10.5268,10.7738,0.473,11.314
2011-07-29,10.6566,10.8743,10.6315,10.8324,0.308,11.312
2011-08-01,10.8826,10.9245,10.7278,10.7738,0.324,11.306
2011-08-02,10.7738,10.8743,10.6733,10.6817,0.341,11.297
2011-08-03,10.6807,10.7232,10.5828,10.6168,0.711,11.290
2011-08-04,10.6083,10.6168,9.9871,10.1488,1.431,11.273
2011-08-05,10.1275,10.2722,9.0977,9.5828,0.757,11.241
2011-08-08,9.2041,9.5190,8.8722,8.9105,0.559,11.195
2011-08-09,9.0084,9.9658,8.9998,9.9488,0.647,11.168
2011-08-10,9.8211,10.5232,9.6807,10.1020,0.400,11.140
2011-08-11,10.1360,10.6041,10.1065,10.2764,0.245,11.118
2011-08-12,10.4466,10.5998,10.1700,10.2083,0.316,11.093
2011-08-15,10.2551,10.6296,10.2509,10.5317,0.231,11.074
2011-08-16,10.4254,10.4764,10.1105,10.3998,0.215,11.053
2011-08-17,10.4722,10.6083,10.3573,10.4424,0.172,11.033
2011-08-18,10.1828,10.3105,9.8849,10.1615,0.241,11.008
2011-08-19,10.0892,10.2849,9.8381,9.8679,0.225,10.970
2011-08-22,9.9786,10.1657,9.5318,9.5360,0.267,10.919
2011-08-23,9.5530,9.7743,9.5530,9.6722,0.322,10.880
2011-08-24,9.6722,9.9105,9.5700,9.5998,0.144,10.839
2011-08-25,9.6254,9.7190,9.3701,9.3913,0.154,10.798
2011-08-26,9.3615,9.6721,9.2637,9.4807,0.200,10.761
2011-08-29,9.5786,9.9530,9.5786,9.9488,0.180,10.738
2011-08-30,9.9062,10.2339,9.8296,10.1658,0.141,10.714
2011-08-31,10.2977,10.5530,10.2696,10.5317,0.216,10.692
2011-09-01,10.5317,10.6126,10.4041,10.5105,0.192,10.664
2011-09-02,10.3615,10.5019,10.3190,10.3743,0.146,10.634
2011-09-06,10.1743,10.5871,10.1611,10.5062,0.215,10.609
2011-09-07,10.6296,10.7253,10.5275,10.6722,0.207,10.597
2011-09-08,10.6381,10.7870,10.6096,10.7488,0.172,10.581
2011-09-09,10.7147,10.8126,10.5360,10.7147,0.172,10.567
2011-09-12,10.6994,10.8296,10.4296,10.7913,0.185,10.555
2011-09-13,10.8509,10.8509,10.5615,10.6424,0.177,10.537
2011-09-14,10.7105,10.8211,10.4636,10.6424,0.155,10.519
2011-09-15,10.7402,10.8466,10.6424,10.7658,0.118,10.502
2011-09-16,10.8168,11.1913,10.4764,11.1360,0.762,10.492
2011-09-19,11.0424,11.0849,10.8594,10.9530,0.270,10.479
2011-09-20,10.9785,11.0551,10.8913,10.9360,0.225,10.468
2011-09-21,10.8807,10.9785,10.8424,10.9147,0.235,10.459
2011-09-22,10.5615,10.7232,10.4254,10.6083,0.234,10.445
2011-09-23,10.5785,10.7062,10.4381,10.6551,0.331,10.429
2011-09-26,10.6977,10.8424,10.4424,10.6466,0.113,10.424
2011-09-27,10.8977,10.9913,10.7573,10.8381,0.197,10.423
2011-09-28,10.7956,10.7956,10.4254,10.4509,0.125,10.415
2011-09-29,10.5871,10.6211,10.2807,10.4977,0.100,10.408
2011-09-30,10.3785,10.5360,10.2807,10.3020,0.084,10.397
2011-10-03,10.2126,10.3062,9.6381,9.8381,0.299,10.376
2011-10-04,9.6849,9.8254,9.2832,9.8083,0.269,10.356
2011-10-05,9.7743,10.0339,9.7062,9.9998,0.123,10.343
2011-10-06,9.9998,10.1913,9.8041,10.1913,0.112,10.335
2011-10-07,10.2211,10.2211,9.8722,9.8977,0.116,10.317
2011-10-10,10.0722,10.2296,10.0424,10.2041,0.082,10.305
2011-10-11,10.1658,10.4466,10.1658,10.3743,0.166,10.297
2011-10-12,10.4764,10.6381,10.4328,10.4934,0.221,10.293
2011-10-13,10.4083,10.6594,10.3573,10.6594,0.208,10.294
2011-10-14,10.6849,10.8934,10.5360,10.8679,0.191,10.308
2011-10-17,10.8551,11.0339,10.6551,10.7105,0.245,10.331
2011-10-18,10.8126,10.9317,10.6594,10.8551,0.169,10.369
2011-10-19,10.8934,11.0064,10.7275,10.9573,0.230,10.390
2011-10-20,11.0083,11.1062,10.8764,11.1062,0.195,10.410
2011-10-21,11.1700,11.1700,10.9870,11.1104,0.218,10.426
2011-10-24,11.1402,11.2211,11.0636,11.1998,0.518,10.446
2011-10-25,11.1530,11.1913,10.9998,11.0679,0.205,10.457
2011-10-26,11.1104,11.1913,10.9956,11.1487,0.157,10.472
2011-10-27,11.2807,11.2934,11.1700,11.2190,0.468,10.487
2011-10-28,11.1445,11.3785,11.0509,11.3785,0.250,10.512
2011-10-31,11.0849,11.3190,11.0849,11.2296,0.230,10.539
2011-11-01,10.6059,11.2031,10.6059,10.9434,0.196,10.567
2011-11-02,11.0776,11.1165,10.8506,11.0603,0.119,10.595
2011-11-03,11.1641,11.1641,10.9370,11.0819,0.074,10.625
2011-11-04,11.1858,11.3848,11.0343,11.3848,0.137,10.664
2011-11-07,11.4411,11.4411,11.1165,11.3632,0.158,10.702
2011-11-08,11.3372,11.3761,11.0633,11.2333,0.228,10.728
2011-11-09,11.1901,11.3545,11.0083,11.1122,0.160,10.747
2011-11-10,11.1555,11.5536,11.0127,11.4670,0.238,10.765
2011-11-11,11.5103,11.5536,11.2286,11.4237,0.140,10.784
2011-11-14,11.4973,11.5968,11.3632,11.5968,0.184,10.808
2011-11-15,11.5536,11.5743,11.3199,11.5060,0.158,10.828
2011-11-16,11.4454,11.5622,11.3112,11.3761,0.193,10.842
2011-11-17,11.4194,11.4454,11.1944,11.3675,0.131,10.855
2011-11-18,11.4367,11.4475,11.2074,11.3718,0.141,10.868
2011-11-21,11.2939,11.3670,11.0386,11.3588,0.113,10.879
2011-11-22,11.3502,11.4151,11.2507,11.3372,0.106,10.893
2011-11-23,11.2983,11.3242,11.1208,11.2290,0.130,10.905
2011-11-25,11.2723,11.3588,11.0992,11.1208,0.055,10.912
2011-11-28,11.2593,11.4887,11.2593,11.3459,0.139,10.916
2011-11-29,11.3718,11.3935,11.2593,11.3805,0.069,10.925
2011-11-30,11.5103,11.5579,11.1252,11.2896,0.188,10.932
2011-12-01,11.3026,11.4887,11.2074,11.4800,0.161,10.943
2011-12-02,11.4973,11.5839,11.3848,11.5795,0.180,10.962
2011-12-05,11.6228,11.7266,11.4670,11.4800,0.199,10.979
2011-12-06,11.4843,11.5795,11.3199,11.4281,0.184,10.994
2011-12-07,11.4324,11.4584,11.3588,11.4064,0.092,11.006
2011-12-08,11.3459,11.3761,11.2117,11.2723,0.087,11.022
2011-12-09,11.3026,11.5579,11.2853,11.5449,0.149,11.043
2011-12-12,11.4800,11.5579,11.3848,11.4930,0.069,11.067
2011-12-13,11.5492,11.6185,11.2853,11.3588,0.134,11.097
2011-12-14,11.2636,11.3026,11.0343,11.1728,0.416,11.125
2011-12-15,11.2333,11.3026,11.0819,11.1425,0.276,11.148
2011-12-16,11.1555,11.1814,11.0343,11.0516,0.467,11.165
2011-12-19,11.0603,11.1511,11.0343,11.0992,0.162,11.189
2011-12-20,11.1641,11.3848,11.1382,11.2636,0.193,11.210
2011-12-21,11.2853,11.6271,11.1684,11.5709,0.207,11.234
2011-12-22,11.5665,11.6834,11.5146,11.6401,0.117,11.257
2011-12-23,11.6661,12.0945,11.6231,12.0771,0.167,11.285
2011-12-27,12.0555,12.0674,11.7742,11.8002,0.132,11.304
2011-12-28,11.8089,11.8435,11.6704,11.7440,0.127,11.325
2011-12-29,11.7180,12.0945,11.6488,12.0555,0.146,11.349
2011-12-30,12.0771,12.2572,12.0066,12.1334,0.153,11.372
2012-01-03,12.3930,12.4406,11.9517,12.0598,0.151,11.391
2012-01-04,12.0685,12.2675,12.0079,12.2546,0.242,11.414
2012-01-05,12.2416,12.5488,12.2286,12.5488,0.273,11.441
2012-01-06,12.5704,12.8517,12.4752,12.6656,0.271,11.473
2012-01-09,12.6656,12.6656,12.3325,12.3757,0.173,11.498
2012-01-10,12.4666,12.5055,12.2502,12.5055,0.166,11.523
2012-01-11,12.4839,12.6570,12.3627,12.3757,0.196,11.543
2012-01-12,12.3757,12.5488,12.3757,12.4147,0.166,11.567
2012-01-13,12.3930,12.5142,12.3368,12.5142,0.166,11.598
2012-01-17,12.5618,12.7565,12.3757,12.4190,0.398,11.625
2012-01-18,12.4363,12.6354,12.3108,12.3108,0.220,11.650
2012-01-19,12.3930,12.5704,12.3541,12.3757,0.264,11.670
2012-01-20,12.3801,12.5704,12.3498,12.5704,0.164,11.694
2012-01-23,12.6743,12.7435,12.0079,12.4623,0.289,11.719
2012-01-24,12.0382,12.4752,12.0166,12.3801,1.904,11.744
2012-01-25,12.3368,12.6440,12.2675,12.5099,0.237,11.765
2012-01-26,12.6051,12.6527,12.3887,12.5402,0.209,11.787
2012-01-27,12.5055,12.6046,12.5055,12.5402,0.230,11.806
2012-01-30,12.5524,12.6271,12.2843,12.3195,0.253,11.822
2012-01-31,12.3502,12.3546,12.2008,12.3546,0.262,11.842
2012-02-01,12.3151,12.5392,12.3151,12.5304,0.226,11.865
2012-02-02,12.4821,12.6799,12.4821,12.6008,0.168,11.890
2012-02-03,12.5964,12.7238,12.5788,12.7150,0.181,11.917
2012-02-06,12.6667,12.8029,12.6667,12.8029,0.222,11.946
2012-02-07,12.7941,12.9875,12.7282,12.9875,0.163,11.981
2012-02-08,12.9612,13.0754,12.9216,13.0578,0.186,12.020
2012-02-09,13.0491,13.1941,12.9264,13.1941,0.224,12.057
2012-02-10,13.1238,13.2073,12.9787,13.1941,0.133,12.093
2012-02-13,13.2249,13.2293,13.1065,13.1545,0.218,12.131
2012-02-14,13.1633,13.1853,12.9260,13.0578,0.209,12.162
2012-02-15,13.0403,13.0754,12.8864,13.0535,0.257,12.192
2012-02-16,13.1282,13.3435,12.8645,13.2556,0.227,12.227
2012-02-17,13.3040,13.5149,13.3040,13.4754,0.208,12.268
2012-02-21,13.4930,13.5325,13.1985,13.2512,0.262,12.305
2012-02-22,13.2644,13.4974,13.2249,13.4095,0.197,12.348
2012-02-23,13.4270,13.7303,13.3853,13.7303,0.160,12.391
2012-02-24,13.7391,14.0599,13.6600,13.9940,0.168,12.441
2012-02-27,13.9720,14.0511,13.8182,13.9940,0.152,12.494
2012-02-28,14.0292,14.0643,13.6995,13.7347,0.187,12.545
2012-02-29,13.6644,13.8929,13.4930,13.5853,0.162,12.594
2012-03-01,13.5984,13.8270,13.5061,13.8138,0.088,12.649
2012-03-02,13.8094,13.9720,13.5413,13.5809,0.150,12.699
2012-03-05,13.5765,13.7391,13.5334,13.6732,0.097,12.747
2012-03-06,13.5545,13.5853,13.2908,13.4666,0.136,12.785
2012-03-07,13.5281,13.7523,13.4974,13.7435,0.150,12.827
2012-03-08,13.7303,13.8305,13.7048,13.7962,0.117,12.862
2012-03-09,13.7611,13.8446,13.6863,13.8446,0.097,12.903
2012-03-12,13.7962,13.9984,13.7918,13.9896,0.106,12.947
2012-03-13,13.9984,14.0643,13.9061,14.0643,0.118,12.988
2012-03-14,14.0643,14.2753,13.8182,13.8929,0.165,13.023
2012-03-15,13.8753,14.0643,13.6820,13.8138,0.136,13.058
2012-03-16,13.8753,14.8598,13.8753,14.7148,0.878,13.107
2012-03-19,14.6796,14.7763,14.4423,14.5038,0.317,13.146
2012-03-20,14.4203,14.4555,14.2533,14.3984,0.182,13.181
2012-03-21,14.4994,14.5566,14.2533,14.5214,0.150,13.224
2012-03-22,14.4599,14.5346,13.9940,14.0467,0.245,13.255
2012-03-23,13.4226,13.7786,13.3875,13.7786,3.496,13.283
2012-03-26,13.8270,13.8270,13.6248,13.6644,0.658,13.308
2012-03-27,13.6380,13.6688,13.6160,13.6248,0.461,13.330
2012-03-28,13.6248,13.6776,13.5018,13.5809,0.403,13.353
2012-03-29,13.5149,13.5809,13.4226,13.5061,0.261,13.377
2012-03-30,13.5149,13.5668,13.4578,13.5105,0.258,13.400
2012-04-02,13.5018,13.6907,13.4416,13.5105,0.292,13.419
2012-04-03,13.4930,13.6512,13.4930,13.6248,0.196,13.442
2012-04-04,13.4974,13.4974,13.2556,13.3831,0.231,13.462
2012-04-05,13.3435,13.4358,13.3216,13.4358,0.148,13.480
2012-04-09,13.3391,13.3831,13.2293,13.3172,0.134,13.496
2012-04-10,13.2908,13.3787,12.6403,12.9436,0.597,13.504
2012-04-11,12.9919,13.3172,12.8557,13.2688,0.294,13.523
2012-04-12,13.2952,13.5765,13.2952,13.4270,0.339,13.544
2012-04-13,13.3567,13.5911,13.3347,13.5457,0.172,13.565
2012-04-16,13.6028,13.6248,13.3040,13.4754,0.115,13.582
2012-04-17,13.4754,13.5721,13.3831,13.4666,0.206,13.597
2012-04-18,13.4095,13.5325,13.3216,13.4051,0.153,13.609
2012-04-19,13.2337,13.6336,13.2337,13.5721,0.235,13.621
2012-04-20,13.6336,13.7259,13.5940,13.6907,0.212,13.634
2012-04-23,13.6600,13.7347,13.5149,13.7171,0.176,13.644
2012-04-24,13.7391,13.7391,13.5589,13.6995,0.160,13.654
2012-04-25,13.7259,13.8006,13.6292,13.7391,0.235,13.666
2012-04-26,13.6248,13.7699,13.6028,13.7303,0.267,13.679
2012-04-27,13.6902,13.7481,13.4717,13.7303,0.210,13.693
2012-04-30,13.6902,13.8239,13.6144,13.8061,0.213,13.704
2012-05-01,13.8239,13.8908,13.6634,13.7303,0.173,13.709
2012-05-02,13.7035,13.8373,13.6634,13.7348,0.136,13.719
2012-05-03,13.7526,13.8150,13.5207,13.5742,0.134,13.722
2012-05-04,13.5207,13.6322,13.2353,13.6277,0.236,13.720
2012-05-07,13.5430,13.6367,13.2130,13.5296,0.157,13.711
2012-05-08,13.4895,13.5035,13.1818,13.4583,0.125,13.700
2012-05-09,13.2665,13.5029,13.2487,13.2621,0.173,13.690
2012-05-10,13.3958,13.6500,13.3602,13.5162,0.161,13.689
2012-05-11,13.4895,13.5519,13.3379,13.4404,0.105,13.682
2012-05-14,13.3602,13.3780,13.1550,13.3022,0.116,13.676
2012-05-15,13.3958,13.4404,13.1996,13.2754,0.145,13.668
2012-05-16,13.3736,13.4181,13.1550,13.1773,0.129,13.662
2012-05-17,13.1461,13.1640,12.8875,12.9410,0.190,13.646
2012-05-18,12.8875,12.9365,12.4103,12.5218,0.401,13.621
2012-05-21,12.4906,12.9718,12.4906,12.8384,0.217,13.601
2012-05-22,12.9232,12.9678,12.7582,12.8652,0.157,13.578
2012-05-23,12.8295,12.8340,12.6333,12.8340,0.215,13.553
2012-05-24,12.8652,12.8786,12.6645,12.8786,0.117,13.533
2012-05-25,12.8919,13.2888,12.7136,13.2576,0.094,13.522
2012-05-29,13.3379,13.4003,13.2754,13.3156,0.195,13.494
2012-05-30,13.2309,13.2309,12.8429,12.9678,0.139,13.463
2012-05-31,12.9544,13.0123,12.7314,12.8295,0.125,13.432
2012-06-01,12.5397,12.7849,12.0803,12.3167,0.221,13.388
2012-06-04,12.2899,12.3699,11.9064,12.1874,0.303,13.351
2012-06-05,12.2453,12.5040,12.0982,12.4683,0.092,13.325
2012-06-06,12.5129,12.9187,12.5129,12.7002,0.232,13.305
2012-06-07,12.8473,12.9009,12.5129,12.6467,0.170,13.286
2012-06-08,12.5887,12.8206,12.5486,12.7894,0.086,13.270
2012-06-11,12.8518,12.9053,12.4772,12.5084,0.257,13.250
2012-06-12,12.5932,12.7091,12.4326,12.5307,0.296,13.230
2012-06-13,12.6601,12.6601,12.3747,12.5174,0.210,13.210
2012-06-14,12.5709,12.6913,12.3301,12.6467,0.210,13.191
2012-06-15,12.6734,12.9633,12.6021,12.8028,0.542,13.179
2012-06-18,12.6957,12.7983,12.4059,12.6734,0.160,13.164
2012-06-19,12.7537,13.0971,12.7091,13.0480,0.156,13.159
2012-06-20,13.0525,13.8329,12.8875,12.9900,0.105,13.160
2012-06-21,12.9990,12.9990,12.7314,12.9009,0.125,13.152
2012-06-22,12.9321,12.9990,12.6913,12.7894,0.132,13.139
2012-06-25,12.6868,12.7002,12.4861,12.5842,0.127,13.120
2012-06-26,12.6021,12.7091,12.3301,12.4549,0.159,13.100
2012-06-27,12.4594,12.7492,12.4594,12.6868,0.329,13.084
2012-06-28,12.6690,12.8206,12.6021,12.8206,0.198,13.073
2012-06-29,12.9321,13.0792,12.8384,12.9633,0.225,13.060
2012-07-02,12.9544,13.0569,12.8527,13.0391,0.284,13.047
2012-07-03,13.0213,13.0436,12.8518,12.9990,0.126,13.033
2012-07-05,12.9365,13.0971,12.8429,13.0569,0.160,13.020
2012-07-06,12.9365,13.2086,12.9321,13.2086,0.104,13.009
2012-07-09,13.1640,13.6902,13.1372,13.6188,0.189,13.007
2012-07-10,13.6456,13.6540,13.3825,13.4761,0.103,13.002
2012-07-11,13.4850,13.6812,13.3200,13.6188,0.214,12.998
2012-07-12,13.5608,13.6812,13.4271,13.6188,0.099,12.996
2012-07-13,13.6768,13.7794,13.5207,13.7169,0.101,12.996
2012-07-16,13.7214,13.9220,13.6058,13.8418,0.173,13.001
2012-07-17,13.8418,13.8418,13.7214,13.8239,0.149,13.005
2012-07-18,13.8150,13.8641,13.6500,13.7481,0.201,13.009
2012-07-19,13.8061,13.8730,13.7526,13.8373,0.214,13.017
2012-07-20,13.8239,13.9577,13.7571,13.9577,0.235,13.031
2012-07-23,13.7794,13.9759,13.7571,13.8685,0.130,13.038
2012-07-24,13.9131,13.9176,13.6679,13.7749,0.118,13.045
2012-07-25,13.7883,13.9131,13.4003,13.8150,0.137,13.055
2012-07-26,13.9666,13.9666,13.5385,13.7883,0.170,13.065
2012-07-27,13.7838,13.9131,13.6233,13.8596,0.236,13.079
2012-07-30,13.8243,13.9556,13.5934,13.8016,0.193,13.096
2012-07-31,13.8514,13.8831,13.6115,13.8379,0.180,13.122
2012-08-01,13.8741,14.1276,13.5753,13.7428,0.380,13.140
2012-08-02,13.8514,14.1389,13.6161,14.0099,0.203,13.163
2012-08-03,14.1638,14.1955,14.0008,14.1774,0.232,13.190
2012-08-06,14.1909,14.2588,13.9646,14.2498,0.244,13.218
2012-08-07,14.2498,14.2950,14.1457,14.1909,0.204,13.236
2012-08-08,14.1140,14.1597,13.8967,14.0461,0.115,13.251
2012-08-09,14.0506,14.1818,13.9012,14.0778,0.108,13.273
2012-08-10,14.0687,14.1049,13.8514,13.8831,0.150,13.294
2012-08-13,13.8650,13.9556,13.7835,13.9103,0.124,13.326
2012-08-14,14.0008,14.0778,13.9465,14.0280,0.194,13.363
2012-08-15,13.9646,14.1955,13.8062,14.1095,0.151,13.396
2012-08-16,14.0823,14.1638,14.0008,14.1366,0.124,13.424
2012-08-17,14.1276,14.2498,14.0551,14.2136,0.099,13.456
2012-08-20,14.2045,14.3720,14.1864,14.2679,0.178,13.485
2012-08-21,14.3720,14.3946,14.1592,14.3946,0.131,13.523
2012-08-22,14.3041,14.4037,14.1796,14.3448,0.126,13.559
2012-08-23,14.3267,14.3358,14.1276,14.2905,0.092,13.595
2012-08-24,14.2815,14.2950,14.0778,14.2724,0.097,13.627
2012-08-27,14.2181,14.4218,14.1909,14.3720,0.101,13.659
2012-08-28,14.3901,14.5214,14.3313,14.5169,0.189,13.696
2012-08-29,14.5712,14.6753,14.3448,14.6481,0.112,13.728
2012-08-30,14.6255,14.6345,14.4843,14.5214,0.130,13.758
2012-08-31,14.6029,14.6617,14.4263,14.6300,0.110,13.793
2012-09-04,14.6617,14.6843,14.5017,14.6345,0.115,13.830
2012-09-05,14.6572,14.7115,14.5214,14.6255,0.097,13.871
2012-09-06,14.5485,14.6526,14.3992,14.6029,0.140,13.914
2012-09-07,14.6481,14.7432,14.5033,14.6074,0.120,13.952
2012-09-10,14.6074,14.6436,14.4897,14.6119,0.127,13.988
2012-09-11,14.5485,14.7432,14.4852,14.6979,0.135,14.022
2012-09-12,14.7251,15.0782,14.6934,15.0057,0.166,14.062
2012-09-13,14.7115,15.0555,14.5893,14.9378,0.235,14.101
2012-09-14,15.0193,15.4448,14.8898,15.3633,0.169,14.147
2012-09-17,15.3543,15.3905,15.2094,15.2683,0.148,14.188
2012-09-18,15.3090,15.3362,15.0736,15.1415,0.117,14.218
2012-09-19,15.2049,15.2682,14.8201,15.0827,0.161,14.250
2012-09-20,15.1687,15.3407,15.0510,15.1732,0.188,14.282
2012-09-21,15.3588,15.3905,15.2275,15.2321,0.409,14.314
2012-09-24,15.2275,15.4312,15.1415,15.3452,0.147,14.346
2012-09-25,15.3452,15.4131,15.0963,15.1551,0.212,14.373
2012-09-26,15.1144,15.2004,14.9967,15.0555,0.120,14.397
2012-09-27,15.0872,15.2004,14.8790,15.1144,0.198,14.425
2012-09-28,15.0827,15.2456,14.8998,15.2230,0.128,14.452
2012-10-01,15.3497,15.9246,15.2592,15.6440,0.333,14.486
2012-10-02,14.7975,15.2547,14.7115,15.2321,3.182,14.513
2012-10-03,15.2321,15.3905,15.0600,15.3588,0.565,14.545
2012-10-04,15.4086,15.4131,15.2954,15.3679,0.221,14.576
2012-10-05,15.4222,15.4222,15.2819,15.3181,0.306,14.607
2012-10-08,15.3181,15.3181,15.1642,15.3000,0.187,14.635
2012-10-09,15.3452,15.3452,15.0895,15.1958,0.233,14.663
2012-10-10,15.3316,15.3316,15.1189,15.1687,0.401,14.690
2012-10-11,15.2140,15.2502,15.0284,15.0465,0.209,14.716
2012-10-12,15.0510,15.0510,14.9378,15.0238,0.139,14.736
2012-10-15,15.0510,15.0510,14.9695,15.0510,0.130,14.754
2012-10-16,15.0510,15.1325,14.9605,15.1234,0.161,14.771
2012-10-17,15.1008,15.2864,15.0284,15.2637,0.147,14.793
2012-10-18,15.3000,15.3679,15.1415,15.2411,0.097,14.817
2012-10-19,15.3905,15.3905,15.0374,15.0374,0.190,14.836
2012-10-22,14.9876,15.2456,14.9605,15.0374,0.161,14.859
2012-10-23,14.9967,15.0872,14.8699,14.9786,0.149,14.880
2012-10-24,15.0510,15.2140,14.8835,14.9016,0.182,14.898
2012-10-25,14.9786,15.0284,14.5531,14.5757,0.430,14.907
2012-10-26,14.5802,14.7296,14.2950,14.4852,0.550,14.914
2012-10-31,14.4771,14.8215,14.1739,14.8032,0.342,14.926
2012-11-01,14.8721,14.9639,14.7618,14.8766,0.174,14.938
2012-11-02,14.7756,15.1017,14.7756,14.9777,0.280,14.950
2012-11-05,14.9410,15.0650,14.8629,14.9823,0.119,14.962
2012-11-06,15.0420,15.4967,15.0007,15.3957,0.844,14.985
2012-11-07,15.3268,15.5748,15.2119,15.4370,0.307,15.008
2012-11-08,15.4370,15.6804,15.2579,15.3681,0.549,15.028
2012-11-09,15.2900,15.3405,15.0925,15.2165,0.202,15.042
2012-11-12,15.2257,15.2478,14.8353,14.9501,0.239,15.048
2012-11-13,14.9593,15.0236,14.7159,14.9639,0.228,15.057
2012-11-14,15.1155,15.1568,14.5658,14.7894,0.331,15.060
2012-11-15,14.7618,14.8766,14.4219,14.6975,0.440,15.061
2012-11-16,14.7802,14.9914,14.6792,14.8491,0.359,15.066
2012-11-19,15.0098,15.5656,15.0098,15.5243,0.266,15.084
2012-11-20,15.5105,15.5702,15.2487,15.4186,0.193,15.100
2012-11-21,15.3865,15.6161,15.3336,15.5197,0.135,15.118
2012-11-23,15.5243,15.7907,15.4544,15.7769,0.057,15.140
2012-11-26,15.7401,15.9744,15.6161,15.7769,0.257,15.155
2012-11-27,15.8182,16.0134,15.7769,15.9698,0.347,15.176
2012-11-28,15.9698,16.3464,15.9468,16.3326,0.439,15.195
2012-11-29,16.4061,16.7092,16.3694,16.4429,0.312,15.219
2012-11-30,16.4429,16.5439,16.3464,16.4750,0.275,15.246
2012-12-03,16.4888,16.5255,16.2004,16.3051,0.161,15.270
2012-12-04,16.2683,16.3150,15.8182,15.9238,0.235,15.285
2012-12-05,16.0157,16.1168,15.6850,15.9468,0.324,15.299
2012-12-06,15.8871,16.0800,15.7218,15.9468,0.133,15.311
2012-12-07,16.0111,16.0984,15.7723,15.9881,0.101,15.328
2012-12-10,16.0387,16.1305,15.8917,15.9698,0.129,15.346
2012-12-11,15.9652,16.1673,15.7631,16.1627,0.179,15.367
2012-12-12,16.1351,16.2132,15.9376,16.0249,0.263,15.383
2012-12-13,15.9560,16.0019,15.6069,15.7769,0.269,15.386
2012-12-14,15.7585,15.9606,15.5794,15.6115,0.189,15.393
2012-12-17,15.6712,15.7626,15.6115,15.7263,0.180,15.401
2012-12-18,15.7218,16.0433,15.6391,15.9238,0.315,15.412
2012-12-19,15.9927,16.2729,15.9376,16.2224,0.309,15.430
2012-12-20,16.1948,16.3877,16.0846,16.2775,0.327,15.450
2012-12-21,16.0984,16.3418,15.9698,16.2408,0.556,15.471
2012-12-24,16.2132,16.4107,16.0203,16.1535,0.091,15.490
2012-12-26,16.1948,16.2305,15.8366,16.0984,0.229,15.511
2012-12-27,16.0525,16.1580,15.7631,16.0295,0.204,15.531
2012-12-28,15.9055,16.2355,15.8917,16.0616,0.144,15.552
2012-12-31,16.0157,16.4842,15.8641,16.4061,0.423,15.577
2013-01-02,16.7184,17.0170,16.5347,16.8792,0.510,15.610
2013-01-03,16.9067,17.0951,16.8378,16.9159,0.300,15.643
2013-01-04,16.9848,17.1777,16.8976,16.9481,0.295,15.681
2013-01-07,16.9573,17.4166,16.9074,17.2099,0.292,15.725
2013-01-08,17.3109,17.3293,17.1042,17.2328,0.190,15.770
2013-01-09,17.3017,17.4992,17.0996,17.1502,0.249,15.815
2013-01-10,17.3155,17.5452,17.2420,17.2880,0.605,15.869
2013-01-11,17.2834,17.4487,17.1731,17.2099,0.192,15.923
2013-01-14,17.2099,17.3343,17.0813,17.1456,0.181,15.970
2013-01-15,17.1318,17.2604,17.0262,17.2604,0.313,16.018
2013-01-16,17.2604,17.4028,17.0629,17.1318,0.183,16.061
2013-01-17,17.2237,17.3752,17.0767,17.2788,0.222,16.107
2013-01-18,17.1961,17.5819,17.1961,17.5589,0.209,16.150
2013-01-22,17.6003,17.8805,17.6003,17.6921,0.269,16.195
2013-01-23,17.7243,17.8024,17.5498,17.6875,0.193,16.242
2013-01-24,17.6875,17.9080,17.6875,17.7381,0.208,16.292
2013-01-25,17.7702,18.0137,17.6692,17.9861,0.217,16.353
2013-01-28,18.0458,18.5235,17.9126,18.4500,0.241,16.423
2013-01-29,18.4500,18.4500,18.1285,18.4362,0.277,16.496
2013-01-30,18.4581,18.5743,18.3000,18.3604,0.300,16.569
2013-01-31,18.3232,18.7417,18.2721,18.7324,0.211,16.647
2013-02-01,18.8207,19.1322,18.7463,18.9416,0.199,16.715
2013-02-04,18.9416,19.3740,18.8207,19.3275,0.242,16.793
2013-02-05,19.4158,19.7599,19.4014,19.5879,0.373,16.874
2013-02-06,19.5274,19.6018,19.2345,19.2671,0.697,16.944
2013-02-07,19.1834,19.5274,19.1834,19.5228,0.206,17.019
2013-02-08,19.5274,19.8575,19.4670,19.8203,0.220,17.096
2013-02-11,19.8761,20.1365,19.8436,20.0435,0.292,17.170
2013-02-12,20.0621,20.3411,20.0017,20.2946,0.363,17.247
2013-02-13,20.3225,20.4433,19.9459,20.4433,0.341,17.327
2013-02-14,20.2946,21.0571,20.2248,21.0571,0.301,17.422
2013-02-15,21.0617,21.2709,20.6220,20.7409,0.303,17.518
2013-02-19,20.7967,21.0664,20.7410,20.9501,0.342,17.618
2013-02-20,20.9641,21.1965,20.5735,20.5968,0.287,17.711
2013-02-21,20.4666,20.5968,19.6832,20.3922,0.576,17.799
2013-02-22,20.4294,20.5968,20.1551,20.4712,0.344,17.889
2013-02-25,20.6572,20.8943,20.4573,20.4945,0.282,17.976
2013-02-26,20.5549,20.7316,20.2806,20.7037,0.250,18.070
2013-02-27,20.6898,21.1454,20.6619,21.0710,0.308,18.175
2013-02-28,21.1547,21.4197,21.0044,21.3639,0.304,18.290
2013-03-01,21.2430,21.4569,21.0896,21.4569,0.280,18.405
2013-03-04,21.4895,21.7591,21.1361,21.7312,0.338,18.521
2013-03-05,21.8521,21.8707,21.5220,21.7359,0.342,18.631
2013-03-06,21.8242,21.8846,21.1733,21.5081,0.513,18.736
2013-03-07,21.5731,21.9218,21.5220,21.7359,0.440,18.846
2013-03-08,21.8335,22.1729,21.7450,22.1450,0.293,18.966
2013-03-11,22.0846,22.0846,21.8800,21.9358,0.256,19.083
2013-03-12,21.9962,22.1171,21.7033,21.9683,0.251,19.201
2013-03-13,21.8893,21.9544,21.5824,21.7312,0.272,19.315
2013-03-14,21.7080,21.7312,21.4011,21.5452,0.351,19.418
2013-03-15,21.5034,21.5038,20.9501,21.0478,1.079,19.501
2013-03-18,20.7920,21.2756,20.5456,21.2430,0.341,19.587
2013-03-19,21.2756,21.4802,21.1733,21.4802,0.183,19.678
2013-03-20,21.5174,22.0706,21.5174,21.9311,0.246,19.772
2013-03-21,21.9172,22.5263,21.8614,22.3263,0.259,19.874
2013-03-22,22.3868,22.7634,22.3589,22.4379,0.263,19.980
2013-03-25,22.4658,22.9401,22.3263,22.4937,0.291,20.084
2013-03-26,22.5867,22.6379,22.3496,22.4472,0.275,20.189
2013-03-27,22.3496,22.5216,22.0985,22.3077,0.200,20.292
2013-03-28,22.3914,22.4937,22.2520,22.4193,0.179,20.395
2013-04-01,22.3542,22.4333,22.1729,22.2706,0.198,20.498
2013-04-02,22.3124,22.4798,21.9172,22.0939,0.212,20.594
2013-04-03,22.0381,22.1264,20.9599,21.3546,0.371,20.670
2013-04-04,21.3360,21.3407,20.9455,21.0664,0.236,20.738
2013-04-05,20.8013,21.1408,20.4759,21.0431,0.286,20.805
2013-04-08,20.9269,21.7498,20.9269,21.7080,0.273,20.884
2013-04-09,21.7359,22.0195,21.6568,21.8707,0.152,20.962
2013-04-10,21.9218,22.0427,21.4848,21.5406,0.194,21.024
2013-04-11,21.5220,21.5499,21.1640,21.4197,0.306,21.084
2013-04-12,21.2942,21.4058,21.0943,21.3174,0.167,21.143
2013-04-15,20.8618,21.1594,20.7130,21.0292,0.339,21.189
2013-04-16,21.1733,21.5545,21.0617,21.4709,0.230,21.239
2013-04-17,21.4337,21.4616,20.8525,21.1315,0.359,21.275
2013-04-18,21.2244,21.2709,21.0524,21.1454,0.104,21.306
2013-04-19,21.2291,21.4941,21.1408,21.3686,0.168,21.348
2013-04-22,21.5127,21.7312,21.4511,21.6336,0.102,21.391
2013-04-23,21.7359,22.3589,21.6894,22.3077,0.239,21.440
2013-04-24,22.3124,22.8750,22.2938,22.7215,0.188,21.494
2013-04-25,22.7122,23.3911,22.6890,22.7634,0.339,21.543
2013-04-26,22.5193,23.1725,21.6894,22.1636,0.355,21.578
2013-04-29,22.1684,22.2248,21.8283,22.0416,0.249,21.597
2013-04-30,22.0792,22.5960,21.9148,22.5866,0.191,21.634
2013-05-01,22.6618,23.0236,22.3846,22.4269,0.377,21.664
2013-05-02,22.4175,22.6712,22.0040,22.5067,0.287,21.702
2013-05-03,22.8638,22.9061,22.1872,22.5067,0.267,21.744
2013-05-06,22.5537,23.1787,22.5161,22.9531,0.180,21.794
2013-05-07,23.0612,23.3337,22.9531,23.2397,0.302,21.849
2013-05-08,23.2726,24.0808,23.1317,23.9868,0.437,21.915
2013-05-09,24.0103,24.4332,23.8694,24.3580,0.255,21.980
2013-05-10,24.3815,24.8138,24.2500,24.5883,0.414,22.045
2013-05-13,24.6634,24.7292,24.4192,24.5601,0.143,22.107
2013-05-14,24.6587,24.8561,24.2796,24.4802,0.230,22.162
2013-05-15,24.4755,24.7245,24.2875,24.5601,0.185,22.218
2013-05-16,24.5742,24.7057,24.2006,24.4050,0.319,22.276
2013-05-17,24.4097,24.7433,24.3627,24.5836,0.111,22.333
2013-05-20,24.6071,24.6681,24.3721,24.5977,0.235,22.382
2013-05-21,24.6212,25.5280,24.5977,25.4105,0.240,22.452
2013-05-22,25.4481,25.8005,25.2367,25.5186,0.301,22.523
2013-05-23,24.9031,25.3401,23.9586,24.8044,0.438,22.584
2013-05-24,24.6587,24.9125,24.5793,24.6399,0.267,22.646
2013-05-28,24.7621,25.0205,24.6306,24.7950,0.179,22.721
2013-05-29,24.6681,24.7245,23.9633,24.4332,0.194,22.785
2013-05-30,24.3345,24.4285,23.3666,23.7143,0.313,22.830
2013-05-31,23.5405,23.9354,23.4230,23.5639,0.280,22.862
2013-06-03,23.5499,23.6250,23.1039,23.4653,0.255,22.885
2013-06-04,23.4418,23.6297,22.8784,22.9907,0.247,22.896
2013-06-05,22.7887,22.7887,22.0322,22.6665,0.607,22.900
2013-06-06,22.6007,23.8177,22.5819,23.7143,0.281,22.925
2013-06-07,23.9257,23.9798,23.6015,23.9023,0.254,22.957
2013-06-10,23.9633,24.3616,23.8365,24.2641,0.336,22.994
2013-06-11,24.0902,24.3674,23.9023,24.1654,0.233,23.032
2013-06-12,24.2359,24.3862,23.9539,23.9962,0.190,23.070
2013-06-13,23.9117,24.0808,23.6626,24.0150,0.165,23.123
2013-06-14,23.9774,24.3954,23.8600,24.1466,0.374,23.184
2013-06-17,24.2922,24.8927,24.1560,24.8890,0.181,23.261
2013-06-18,24.9031,25.1145,24.7433,25.0628,0.804,23.328
2013-06-19,24.6493,25.2498,24.6259,24.7762,0.380,23.387
2013-06-20,24.4520,24.6916,23.1834,23.4935,0.406,23.426
2013-06-21,23.6297,23.7942,22.6573,22.8216,0.510,23.454
2013-06-24,22.6289,22.8591,21.3180,22.3987,0.421,23.475
2013-06-25,22.7135,23.0048,22.3094,22.9813,0.091,23.514
2013-06-26,23.1646,23.8177,23.1646,23.6391,0.194,23.558
2013-06-27,23.8177,24.5883,23.8177,24.2922,0.187,23.621
2013-06-28,24.3110,24.6681,24.0761,24.3533,0.123,23.685
2013-07-01,24.6493,25.3260,24.6493,24.8655,0.263,23.755
2013-07-02,24.8185,25.3729,24.2641,24.4003,0.197,23.810
2013-07-03,24.2875,24.4144,23.8694,24.1560,0.117,23.847
2013-07-05,24.5413,24.7715,24.1513,24.6916,0.086,23.887
2013-07-08,24.9548,25.0863,24.4661,24.9924,0.119,23.931
2013-07-09,25.1098,25.1850,24.9411,25.1427,0.159,23.991
2013-07-10,25.1850,25.3025,24.9733,25.2790,0.158,24.056
2013-07-11,25.3729,25.7394,25.3307,25.7159,0.205,24.118
2013-07-12,25.6972,25.9603,25.5181,25.9086,0.211,24.188
2013-07-15,25.9368,26.3075,25.7968,26.0965,0.121,24.260
2013-07-16,25.7864,25.9603,25.0816,25.3260,0.308,24.316
2013-07-17,25.5280,25.5776,24.9970,25.3260,0.148,24.363
2013-07-18,25.4293,25.7911,24.1419,24.3439,0.410,24.386
2013-07-19,24.4896,24.5591,23.6109,24.0996,0.238,24.388
2013-07-22,24.3110,24.4849,24.0620,24.4661,0.135,24.390
2013-07-23,24.7856,24.8429,24.0009,24.0714,0.170,24.380
2013-07-24,24.0244,24.3909,23.2397,24.3251,0.287,24.375
2013-07-25,24.1983,24.4896,23.9023,24.3862,0.131,24.373
2013-07-26,24.4332,24.6587,24.1231,24.1889,0.122,24.366
2013-07-29,24.2735,24.2735,23.6109,23.7613,0.157,24.353
2013-07-30,23.9035,23.9415,23.4241,23.7801,0.294,24.337
2013-07-31,23.9747,23.9747,23.4953,23.6614,0.209,24.318
2013-08-01,23.4051,24.4921,23.0681,24.2500,0.211,24.295
2013-08-02,24.2737,24.5130,23.1825,23.3814,0.238,24.252
2013-08-05,23.3054,23.3529,22.8355,22.9969,0.217,24.216
2013-08-06,23.0729,23.1868,22.5507,22.7501,0.310,24.178
2013-08-07,22.5507,22.9494,21.7443,22.6077,0.419,24.134
2013-08-08,22.7264,22.9400,22.3324,22.7881,0.163,24.101
2013-08-09,23.1298,23.8608,22.9637,23.6092,0.226,24.099
2013-08-12,23.6140,23.8211,23.4241,23.7279,0.124,24.103
2013-08-13,23.6140,23.6925,22.8260,23.0871,0.122,24.095
2013-08-14,23.3007,23.5760,22.9827,23.0634,0.079,24.096
2013-08-15,23.0159,23.1060,22.6647,22.7406,0.122,24.098
2013-08-16,22.7643,22.9210,22.5982,22.7881,0.097,24.079
2013-08-19,22.7643,23.5475,22.4890,23.2959,0.200,24.067
2013-08-20,23.2105,23.2901,22.9072,23.1393,0.083,24.045
2013-08-21,23.0918,23.2580,22.8498,23.1915,0.048,24.025
2013-08-22,23.2390,23.7326,23.2010,23.6329,0.091,24.018
2013-08-23,23.7279,23.7279,23.4312,23.6092,0.080,24.010
2013-08-26,23.6092,23.8276,22.9400,23.1393,0.217,23.990
2013-08-27,22.9494,23.2385,22.7833,22.9874,0.102,23.952
2013-08-28,22.8972,23.1820,22.7311,23.0444,0.122,23.911
2013-08-29,22.9162,23.5850,22.8972,23.5000,0.101,23.886
2013-08-30,23.4288,23.4763,23.0206,23.1013,0.106,23.878
2013-09-03,23.5238,23.5238,22.8972,23.1725,0.140,23.885
2013-09-04,23.1820,23.2580,22.9684,23.1915,0.124,23.901
2013-09-05,23.1013,23.5950,23.0558,23.1346,0.146,23.904
2013-09-06,23.1630,23.2817,22.6647,22.7786,0.145,23.887
2013-09-09,22.7881,23.5285,22.5935,23.4526,0.199,23.870
2013-09-10,23.5095,23.9320,23.3339,23.5000,0.190,23.853
2013-09-11,22.6884,23.9699,22.6884,23.9699,4.727,23.835
2013-09-12,23.7279,23.7279,23.2722,23.5570,0.341,23.818
2013-09-13,23.4858,23.5428,23.1203,23.4811,0.372,23.805
2013-09-16,23.6140,23.6614,23.2105,23.3482,0.421,23.778
2013-09-17,22.9874,23.3434,22.8023,23.0871,0.252,23.740
2013-09-18,23.0871,23.5617,22.7596,23.4905,0.259,23.707
2013-09-19,23.6804,23.9984,23.6804,23.7848,0.418,23.677
2013-09-20,23.7706,23.8893,23.2632,23.8323,0.504,23.639
2013-09-23,23.6947,23.9386,23.6899,23.8988,0.136,23.599
2013-09-24,23.8513,23.9652,23.7326,23.8988,0.132,23.555
2013-09-25,23.8276,24.0174,23.6282,23.8988,0.144,23.526
2013-09-26,23.8845,24.2073,23.8750,24.0174,0.164,23.500
2013-09-27,24.0174,24.1360,23.7326,23.7753,0.283,23.489
2013-09-30,23.6282,23.8703,23.0918,23.7658,0.133,23.482
2013-10-01,23.7041,24.1076,23.5570,23.9557,0.262,23.472
2013-10-02,23.6947,23.9699,23.5523,23.8845,0.206,23.468
2013-10-03,23.6994,23.8798,23.5048,23.8418,0.104,23.459
2013-10-04,23.7611,24.0127,23.6951,23.9035,0.105,23.449
2013-10-07,23.6947,23.9794,23.6235,23.7374,0.125,23.440
2013-10-08,23.6947,23.8940,23.5392,23.6329,0.121,23.437
2013-10-09,23.5712,23.5902,23.0969,23.1868,0.153,23.425
2013-10-10,23.3529,23.5231,23.0776,23.4051,0.088,23.420
2013-10-11,23.4051,23.7326,23.2153,23.6804,0.100,23.409
2013-10-14,24.2073,24.2073,23.3307,24.0411,0.124,23.422
2013-10-15,24.1835,24.1835,23.6163,23.7516,0.081,23.437
2013-10-16,23.9415,24.0269,23.4241,23.6140,0.108,23.454
2013-10-17,23.5807,24.1266,23.4811,23.9225,0.100,23.481
2013-10-18,23.9937,24.2028,23.7943,24.0744,0.110,23.506
2013-10-21,24.1076,24.3449,23.9787,24.2927,0.094,23.520
2013-10-22,24.3259,24.7484,24.2358,24.6202,0.138,23.538
2013-10-23,24.5965,24.7199,24.1456,24.4399,0.095,23.565
2013-10-24,24.5585,24.7057,24.3402,24.3829,0.092,23.591
2013-10-25,24.4683,24.6534,24.2550,24.5063,0.105,23.627
2013-10-28,24.5063,24.5063,23.8608,24.0649,0.148,23.652
2013-10-29,24.1123,24.5300,23.8608,24.2120,0.153,23.671
2013-10-30,24.1269,24.3715,23.8472,24.2085,0.143,23.692
2013-10-31,24.0694,24.5921,23.8919,24.4387,0.137,23.717
2013-11-01,23.7864,24.4003,23.5515,24.2804,0.198,23.730
2013-11-04,24.2085,24.4243,23.7433,24.2468,0.094,23.743
2013-11-05,24.1989,24.6065,23.9303,24.5154,0.121,23.770
2013-11-06,24.5298,24.6017,24.0358,24.4578,0.148,23.800
2013-11-07,24.0934,24.1365,23.5467,23.9399,0.684,23.818
2013-11-08,23.8632,23.8632,23.0527,23.4843,0.219,23.817
2013-11-11,23.3500,23.5227,23.0959,23.1103,0.252,23.817
2013-11-12,23.1007,23.3788,23.0911,23.3021,0.168,23.820
2013-11-13,23.0239,23.3452,23.0191,23.2110,0.105,23.820
2013-11-14,23.3165,24.0550,23.1438,23.7001,0.166,23.832
2013-11-15,23.7769,24.1078,23.6090,23.9063,0.189,23.854
2013-11-18,24.0358,24.1450,23.7721,24.0982,0.179,23.867
2013-11-19,23.9927,24.1030,23.6522,23.9735,0.111,23.877
2013-11-20,23.9351,24.2564,23.6474,23.7769,0.133,23.873
2013-11-21,23.8056,24.1701,23.7145,24.0934,0.119,23.883
2013-11-22,24.0454,24.4434,23.9303,24.3331,0.144,23.901
2013-11-25,24.3236,24.5490,24.1797,24.3811,0.116,23.921
2013-11-26,24.4243,24.6976,24.1749,24.6305,0.136,23.952
2013-11-27,24.6353,24.8751,24.2468,24.6880,0.146,23.976
2013-11-29,24.7120,24.9561,24.6976,24.8799,0.032,23.998
2013-12-02,24.6497,24.9614,23.8344,24.0790,0.215,24.003
2013-12-03,23.9783,24.4387,23.5555,24.3284,0.111,24.011
2013-12-04,24.1701,24.6113,23.8303,24.0790,0.140,24.015
2013-12-05,23.9495,24.0550,23.7433,23.8296,0.125,24.014
2013-12-06,23.8296,24.2660,23.5946,24.0742,0.129,24.015
2013-12-09,24.1030,24.2852,23.8104,23.9351,0.306,24.018
2013-12-10,23.8584,24.5106,23.8584,24.3811,0.175,24.030
2013-12-11,24.3331,24.5969,23.9260,24.4291,0.202,24.040
2013-12-12,24.4578,24.6784,24.3379,24.4626,0.277,24.051
2013-12-13,24.5010,24.9854,24.2948,24.4195,0.261,24.063
2013-12-16,24.4914,24.8463,24.3379,24.4530,0.181,24.074
2013-12-17,24.4099,24.5490,23.6713,24.1125,0.190,24.081
2013-12-18,24.0214,24.5537,23.7769,24.4770,0.233,24.098
2013-12-19,24.3475,24.5537,24.0358,24.2612,0.203,24.120
2013-12-20,24.1941,25.1436,24.1893,24.9854,0.767,24.151
2013-12-23,25.0189,25.4553,24.3890,25.2587,0.273,24.183
2013-12-24,25.2779,25.7191,25.2606,25.4649,0.148,24.211
2013-12-26,25.4697,25.8678,25.1772,25.5369,0.190,24.247
2013-12-27,25.6184,25.6184,25.2731,25.5129,0.169,24.285
2013-12-30,25.4218,25.6472,24.9614,25.3067,0.180,24.313
2013-12-31,25.2683,25.5369,25.1437,25.2108,0.204,24.335
2014-01-02,25.0909,25.1820,24.5633,24.8463,0.252,24.347
2014-01-03,24.7887,25.4793,24.5969,25.4745,0.113,24.364
2014-01-06,25.5081,25.6088,25.0957,25.2347,0.175,24.380
2014-01-07,25.0573,25.4074,24.8367,25.2203,0.486,24.396
2014-01-08,25.2635,25.3786,24.9949,25.1820,0.181,24.410
2014-01-09,25.2491,25.6472,23.7193,25.4026,0.196,24.437
2014-01-10,25.4170,25.6577,25.3019,25.5129,0.097,24.463
2014-01-13,25.5896,25.6759,25.3882,25.4457,0.176,24.487
2014-01-14,25.2491,25.3594,25.0621,25.2539,0.129,24.504
2014-01-15,25.1916,25.3882,25.1053,25.2587,0.086,24.523
2014-01-16,25.3258,25.6807,25.2539,25.4314,0.338,24.547
2014-01-17,25.3930,25.5033,25.2491,25.3258,0.117,24.563
2014-01-21,25.4505,25.7910,25.3019,25.4553,0.107,24.583
2014-01-22,25.5800,25.8678,25.4624,25.7191,0.073,24.619
2014-01-23,25.7479,26.0548,25.4793,25.8438,0.119,24.666
2014-01-24,25.6424,25.9325,25.5417,25.6663,0.169,24.717
2014-01-27,25.7095,25.9013,25.1340,25.4649,0.125,24.760
2014-01-28,25.5656,26.0740,25.3834,25.8582,0.220,24.813
2014-01-29,25.8092,26.2064,25.7221,26.1531,0.201,24.862
2014-01-30,26.2064,26.5890,26.2064,26.3662,0.128,24.911
2014-01-31,26.0950,26.8796,26.0950,26.6519,0.148,24.962
2014-02-03,26.7052,27.1944,26.4824,26.5502,0.491,25.014
2014-02-04,26.5599,26.5745,26.2645,26.3420,0.180,25.065
2014-02-05,26.3953,26.4873,26.0708,26.2500,0.207,25.108
2014-02-06,26.2500,26.6209,26.1579,26.3807,0.097,25.149
2014-02-07,26.4727,26.6568,26.2645,26.5260,0.205,25.192
2014-02-10,26.5987,26.7682,26.4437,26.6277,0.192,25.232
2014-02-11,26.7585,27.0055,26.1652,26.9328,0.207,25.277
2014-02-12,27.1169,27.4511,26.9270,27.1459,0.200,25.322
2014-02-13,26.9425,27.5092,26.8951,27.3397,0.182,25.388
2014-02-14,27.3590,27.4995,27.0588,27.2525,0.165,25.446
2014-02-18,26.6519,27.1508,25.6797,25.9594,0.721,25.484
2014-02-19,26.0272,26.1483,25.5429,25.6446,0.374,25.520
2014-02-20,25.5283,25.8867,25.3733,25.6930,0.310,25.552
2014-02-21,25.5186,25.6591,25.2915,25.3491,0.302,25.581
2014-02-24,25.2281,25.4160,24.8987,24.9375,0.393,25.592
2014-02-25,24.8358,25.1506,24.7389,24.9472,0.241,25.602
2014-02-26,24.7970,26.1289,24.7631,26.1289,0.287,25.635
2014-02-27,26.0030,26.7149,25.6494,26.6374,0.321,25.680
2014-02-28,26.6374,26.7779,26.5454,26.6374,0.219,25.724
2014-03-03,26.5696,26.8941,26.5648,26.7343,0.117,25.776
2014-03-04,27.0200,27.0685,26.6713,27.0007,0.212,25.826
2014-03-05,27.0830,27.3155,26.8408,27.1314,0.135,25.884
2014-03-06,27.1024,27.2186,26.7537,27.0394,0.229,25.925
2014-03-07,27.1024,27.2380,26.8239,27.1895,0.109,25.964
2014-03-10,27.1750,27.2346,26.5599,26.5890,0.105,25.986
2014-03-11,26.5599,26.7682,26.2645,26.3759,0.121,26.003
2014-03-12,26.3129,26.7005,25.7188,26.6471,0.106,26.025
2014-03-13,26.7343,26.7343,26.0998,26.1579,0.106,26.043
2014-03-14,26.2112,26.8893,26.0086,26.8069,0.147,26.074
2014-03-17,26.8069,26.9328,26.5357,26.8021,0.258,26.114
2014-03-18,26.8699,27.0975,26.5406,26.8166,0.144,26.140
2014-03-19,26.7197,26.7827,25.7608,25.8916,0.273,26.154
2014-03-20,25.7560,26.2064,25.6252,26.1192,0.203,26.172
2014-03-21,26.1192,26.1725,25.6010,25.6010,0.897,26.180
2014-03-24,25.7269,26.2548,25.3830,26.1822,0.234,26.195
2014-03-25,26.2984,26.3129,25.5574,25.6688,0.186,26.199
2014-03-26,25.6494,25.7802,25.4412,25.5138,0.134,26.200
2014-03-27,25.4508,25.9109,25.3821,25.8964,0.195,26.213
2014-03-28,25.4605,26.0659,25.4605,25.8286,0.218,26.224
2014-03-31,25.8431,26.2500,25.5380,26.2500,0.192,26.241
2014-04-01,26.3178,26.9861,26.1918,26.8989,0.281,26.272
2014-04-02,26.7488,26.9328,26.3856,26.6519,0.209,26.296
2014-04-03,26.5599,26.7585,26.3614,26.6471,0.206,26.315
2014-04-04,26.7052,26.7682,26.1095,26.1483,0.164,26.321
2014-04-07,25.9691,26.2887,25.8131,25.9255,0.189,26.326
2014-04-08,25.9352,26.2742,25.9109,26.1579,0.118,26.340
2014-04-09,26.2306,26.4776,25.8335,26.3468,0.092,26.349
2014-04-10,26.3032,26.6955,26.1047,26.1773,0.082,26.350
2014-04-11,26.1289,26.7537,26.0369,26.2839,0.280,26.348
2014-04-14,26.3614,26.8578,26.1434,26.4001,0.119,26.343
2014-04-15,26.4534,26.6786,26.2015,26.5502,0.095,26.343
2014-04-16,26.7246,27.0345,26.3856,26.8166,0.122,26.353
2014-04-17,26.8747,27.0442,26.7246,26.7633,0.079,26.363
2014-04-21,26.7730,27.3639,26.5289,27.3542,0.176,26.382
2014-04-22,27.3784,27.5770,27.0249,27.1411,0.169,26.395
2014-04-23,27.2380,27.2961,26.9814,27.1459,0.077,26.405
2014-04-24,27.2428,27.2428,26.6132,26.7876,0.121,26.402
2014-04-25,26.6035,26.8699,26.4195,26.5648,0.092,26.391
2014-04-28,26.5212,26.9764,26.2500,26.4921,0.196,26.374
2014-04-29,26.4482,27.0596,26.3357,26.9716,0.160,26.368
2014-04-30,26.9374,27.2113,26.6023,27.1086,0.159,26.391
2014-05-01,26.9961,27.6857,26.8884,27.6124,0.229,26.430
2014-05-02,27.5048,27.9645,27.5048,27.7542,0.197,26.472
2014-05-05,27.5537,27.8031,27.5048,27.7151,0.306,26.519
2014-05-06,27.4852,27.8080,27.4803,27.6466,0.201,26.573
2014-05-07,27.5537,27.6710,27.1917,27.3923,0.194,26.622
2014-05-08,27.4803,27.4901,26.6585,27.0254,0.312,26.640
2014-05-09,27.0303,27.1232,26.7026,26.8738,0.144,26.645
2014-05-12,26.9863,27.4167,26.7417,27.2700,0.163,26.657
2014-05-13,27.1673,27.5879,26.7955,26.8395,0.186,26.659
2014-05-14,26.7026,27.1526,26.4580,26.5411,0.199,26.650
2014-05-15,26.5901,26.9843,26.1694,26.8395,0.161,26.644
2014-05-16,26.8933,27.1037,26.7075,26.8982,0.389,26.642
2014-05-19,26.7662,27.1232,26.3455,26.4580,0.172,26.627
2014-05-20,26.5754,26.6478,26.2139,26.4873,0.136,26.625
2014-05-21,26.4335,26.7270,26.3748,26.5803,0.165,26.629
2014-05-22,26.5607,26.8175,26.5118,26.6585,0.128,26.629
2014-05-23,26.6096,26.8860,26.4091,26.5754,0.094,26.638
2014-05-27,26.5754,26.6585,26.2575,26.6585,0.134,26.635
2014-05-28,26.5852,26.9667,26.5852,26.7955,0.140,26.634
2014-05-29,26.6879,27.1061,26.6243,27.0939,0.427,26.640
2014-05-30,27.0988,28.0379,26.8982,27.8814,0.295,26.680
2014-06-02,27.8814,28.0869,27.7151,27.8961,0.177,26.715
2014-06-03,27.8961,28.0514,27.7591,27.9401,0.111,26.762
2014-06-04,27.8276,28.0771,27.8276,28.0282,0.139,26.799
2014-06-05,27.9939,28.1113,27.6955,27.9205,0.112,26.844
2014-06-06,27.8472,28.1015,27.5977,27.9156,0.136,26.892
2014-06-09,27.8325,28.0868,27.6906,27.8570,0.129,26.931
2014-06-10,27.7542,28.0086,27.3727,27.4069,0.230,26.963
2014-06-11,27.2064,27.5488,27.0401,27.3874,0.184,26.986
2014-06-12,27.3580,27.5439,27.2455,27.4999,0.114,26.998
2014-06-13,27.3580,27.3580,27.0792,27.2455,0.349,27.010
2014-06-16,27.1232,27.5977,27.0547,27.5390,0.230,27.027
2014-06-17,27.3385,27.6760,27.2406,27.2455,0.258,27.049
2014-06-18,27.3776,27.6368,26.3944,26.4335,0.579,27.059
2014-06-19,26.3210,26.4237,26.0275,26.4140,0.651,27.065
2014-06-20,26.3015,26.6781,26.0862,26.3504,1.152,27.065
2014-06-23,26.2917,26.9863,26.2917,26.6096,0.311,27.073
2014-06-24,26.6194,27.1391,26.5754,26.8444,0.356,27.085
2014-06-25,26.8200,26.8738,25.8955,25.9640,0.582,27.076
2014-06-26,25.9640,26.7075,25.7296,26.5803,0.304,27.076
2014-06-27,26.6488,27.1183,26.6292,27.0254,0.308,27.081
2014-06-30,26.9569,27.4167,26.7026,27.4118,0.221,27.094
2014-07-01,27.4216,27.7298,27.2113,27.5830,0.268,27.098
2014-07-02,27.5243,27.8129,27.4265,27.5145,0.134,27.106
2014-07-03,27.5145,27.5145,26.8346,26.9520,0.200,27.102
2014-07-07,26.9520,27.2895,26.5118,26.7515,0.210,27.101
2014-07-08,26.6634,26.8958,26.1841,26.5852,0.233,27.101
2014-07-09,26.5411,27.2846,26.3531,26.6390,0.354,27.104
2014-07-10,26.4531,26.7123,26.2917,26.5069,0.215,27.095
2014-07-11,26.4140,26.8542,26.2623,26.6928,0.216,27.087
2014-07-14,26.6928,26.7906,26.6096,26.7466,0.130,27.069
2014-07-15,26.6830,27.0058,26.5509,26.8053,0.118,27.050
2014-07-16,26.9325,27.2162,26.8053,27.0743,0.154,27.038
2014-07-17,27.0841,27.1624,26.7319,27.0401,0.148,27.025
2014-07-18,26.9814,27.6564,26.8493,27.2798,0.181,27.023
2014-07-21,27.1575,27.3923,26.7221,26.7857,0.207,27.018
2014-07-22,26.8884,27.2749,26.7026,27.0596,0.135,27.022
2014-07-23,27.1428,27.6564,27.1281,27.5732,0.156,27.028
2014-07-24,27.6173,27.8227,27.0988,27.1624,0.182,27.035
2014-07-25,27.0792,27.3874,26.6096,26.6341,0.189,27.037
2014-07-28,26.6585,26.7652,26.0916,26.2525,0.260,27.025
2014-07-29,26.3210,27.1868,26.3210,27.0988,0.218,27.029
2014-07-30,27.1341,27.2774,26.3828,26.7931,0.250,27.036
2014-07-31,26.5212,26.6873,25.6761,25.9430,0.361,27.025
2014-08-01,25.5772,25.7749,24.9001,25.3746,0.492,27.001
2014-08-04,25.3795,26.3383,25.1967,26.3186,0.223,26.994
2014-08-05,26.2247,26.4619,25.6859,26.0220,0.215,26.983
2014-08-06,25.8985,26.3482,25.5920,25.9578,0.160,26.969
2014-08-07,25.9528,26.2247,25.6513,25.7453,0.149,26.948
2014-08-08,25.7551,25.9380,25.7107,25.8095,0.147,26.922
2014-08-11,25.9627,26.7683,25.9627,26.5706,0.261,26.896
2014-08-12,26.4817,26.7330,26.3631,26.5608,0.157,26.869
2014-08-13,26.6991,27.4998,26.6107,27.0352,0.372,26.851
2014-08-14,27.1736,27.4030,26.9586,27.1143,0.259,26.833
2014-08-15,27.3021,27.4257,26.7881,27.1736,0.208,26.818
2014-08-18,27.1637,27.4207,26.7436,26.9562,0.222,26.799
2014-08-19,26.9858,27.0770,26.6201,26.7931,0.211,26.777
2014-08-20,26.8524,26.9290,26.5459,26.8277,0.237,26.766
2014-08-21,26.9018,26.9364,26.1950,26.8128,0.246,26.754
2014-08-22,26.7239,26.9463,26.4965,26.7337,0.115,26.739
2014-08-25,26.8771,27.3268,26.6003,27.3071,0.159,26.740
2014-08-26,27.3071,27.5888,27.1304,27.4109,0.140,26.738
2014-08-27,27.4109,27.5542,27.1885,27.2576,0.080,26.738
2014-08-28,27.2576,27.5690,27.1840,27.3911,0.065,26.757
2014-08-29,27.4949,27.5789,27.1885,27.5295,0.088,26.779
2014-09-02,27.4899,27.6036,27.3565,27.4603,0.136,26.801
2014-09-03,27.5097,27.5888,27.1836,27.3367,0.123,26.816
2014-09-04,27.4207,27.6184,27.2972,27.4158,0.130,26.827
2014-09-05,27.4998,27.6975,27.3318,27.6580,0.065,26.861
2014-09-08,27.5641,27.8359,27.4257,27.7568,0.161,26.885
2014-09-09,27.6086,27.8260,27.5931,27.7272,0.183,26.899
2014-09-10,27.6283,27.7791,27.2428,27.5542,0.133,26.902
2014-09-11,27.3565,27.5690,27.0303,27.3763,0.215,26.898
2014-09-12,27.2280,27.4356,26.4866,26.8128,0.270,26.884
2014-09-15,26.6794,26.6942,26.1604,26.4817,0.157,26.874
2014-09-16,26.3186,27.0402,26.2939,26.8622,0.104,26.876
2014-09-17,26.7683,27.0797,26.7239,26.9314,0.103,26.883
2014-09-18,26.9067,27.2033,26.6250,26.9660,0.158,26.890
2014-09-19,26.9463,27.1291,26.3977,26.5064,0.494,26.890
2014-09-22,26.5212,26.5212,25.8095,26.2049,0.220,26.880
2014-09-23,25.0237,25.3400,24.9149,25.0830,4.582,26.847
2014-09-24,25.0335,25.2955,25.0088,25.2362,0.573,26.815
2014-09-25,25.0830,25.2905,25.0098,25.2856,0.415,26.780
2014-09-26,25.3301,25.4289,25.1571,25.4092,0.308,26.747
2014-09-29,25.2658,25.3894,25.1522,25.2560,0.298,26.707
2014-09-30,25.2312,26.0517,25.0089,26.0171,0.564,26.691
2014-10-01,25.7897,26.3038,25.6533,25.6612,0.380,26.663
2014-10-02,25.5574,25.8095,25.2214,25.6909,0.264,26.626
2014-10-03,25.6761,25.7176,25.3696,25.4191,0.122,26.591
2014-10-06,25.3845,25.6662,25.2807,25.5970,0.186,26.570
2014-10-07,25.4191,25.6019,25.1818,25.2065,0.270,26.549
2014-10-08,25.1423,25.2065,24.2971,25.0583,0.512,26.508
2014-10-09,24.9199,25.0503,23.5261,23.8869,0.450,26.450
2014-10-10,23.6793,24.6085,22.0730,23.8078,0.715,26.407
2014-10-13,23.6892,24.1402,22.5277,22.6760,0.587,26.353
2014-10-14,22.6612,23.0664,21.4898,21.8506,0.797,26.264
2014-10-15,21.4849,22.5030,20.7138,22.4684,0.853,26.193
2014-10-16,22.1422,23.9215,22.0088,23.7979,0.444,26.150
2014-10-17,24.2576,24.4602,23.4618,24.2032,0.418,26.119
2014-10-20,24.2823,24.7889,23.7905,24.2032,0.200,26.087
2014-10-21,24.2131,24.8111,23.7485,24.5541,0.463,26.046
2014-10-22,24.6826,24.9446,24.1750,24.2329,0.278,26.000
2014-10-23,24.3119,24.6876,24.2329,24.4207,0.228,25.948
2014-10-24,24.4553,24.7666,24.0302,24.1093,0.209,25.888
2014-10-27,23.9264,24.2180,23.4767,23.9610,0.382,25.823
2014-10-28,23.9363,24.0599,23.3679,23.6447,0.845,25.757
2014-10-29,23.6620,23.7070,23.2767,23.4618,0.458,25.690
2014-10-30,23.4018,24.0423,22.6763,23.0415,0.567,25.615
2014-10-31,23.2667,24.1523,23.1717,24.0072,0.361,25.559
2014-11-03,24.1173,24.8028,24.0222,24.7728,0.415,25.519
2014-11-04,24.8178,24.9629,23.9222,24.4876,0.348,25.463
2014-11-05,24.5176,24.6227,24.0903,24.4425,0.178,25.404
2014-11-06,24.4526,24.5576,23.8021,24.4876,0.210,25.348
2014-11-07,24.5176,24.9354,24.3775,24.8128,0.127,25.297
2014-11-10,24.7728,24.9779,24.5476,24.7227,0.150,25.240
2014-11-11,24.7978,24.8578,24.0823,24.3375,0.241,25.178
2014-11-12,24.2124,24.3825,24.0222,24.1774,0.495,25.115
2014-11-13,24.1023,24.3625,23.4268,23.5169,0.358,25.037
2014-11-14,23.6820,24.1253,23.2467,23.9972,0.511,24.964
2014-11-17,23.9522,24.3074,23.4698,24.1273,0.378,24.891
2014-11-18,24.0172,24.3125,23.6730,24.1173,0.373,24.819
2014-11-19,23.9622,24.3625,23.7370,24.0122,0.325,24.748
2014-11-20,23.9222,24.2824,23.7420,24.0723,0.376,24.682
2014-11-21,24.4175,24.5876,23.6220,23.9922,2.164,24.626
2014-11-24,23.9072,23.9722,23.1666,23.3868,0.551,24.564
2014-11-25,23.4368,23.4669,23.0465,23.1316,0.280,24.489
2014-11-26,23.1166,23.6069,22.9415,23.1016,0.337,24.412
2014-11-28,22.4961,22.5262,21.8907,22.0308,0.241,24.314
2014-12-01,21.9257,22.2260,20.6498,20.8550,1.170,24.201
2014-12-02,20.7599,21.7406,20.7599,21.1852,0.824,24.100
2014-12-03,21.3053,21.6455,20.8700,21.0151,0.995,24.019
2014-12-04,20.9450,21.4104,20.6198,20.7199,0.607,23.929
2014-12-05,20.7199,20.8400,19.8292,20.0494,0.778,23.824
2014-12-08,19.8092,20.1642,18.4502,19.0887,0.908,23.697
2014-12-09,18.8485,19.4890,18.6334,19.2538,0.971,23.577
2014-12-10,19.0787,19.3019,17.2974,18.1280,1.342,23.420
2014-12-11,18.0129,18.9336,18.0129,18.4633,0.871,23.276
2014-12-12,18.2731,19.1137,17.8928,19.0687,0.646,23.143
2014-12-15,19.1537,19.5140,18.7084,18.9736,0.596,23.014
2014-12-16,18.9536,20.4197,18.3181,20.2746,0.831,22.908
2014-12-17,20.3396,21.7356,20.3196,21.3453,0.556,22.831
2014-12-18,22.0758,22.5662,20.9118,21.9107,0.507,22.768
2014-12-19,22.0008,22.7663,21.3354,22.6463,0.976,22.743
2014-12-22,22.2710,22.6212,21.8107,22.2009,0.692,22.711
2014-12-23,22.2760,22.3610,21.7506,22.0358,0.403,22.698
2014-12-24,21.8607,22.0758,21.5755,21.7106,0.152,22.695
2014-12-26,21.6806,21.8157,21.3603,21.7006,0.212,22.680
2014-12-29,21.6806,22.1159,21.6160,21.9608,0.318,22.643
2014-12-30,21.9558,22.5462,21.4604,21.7206,0.300,22.593
2014-12-31,21.5104,21.9458,21.2002,21.2252,0.401,22.534
2015-01-02,21.2653,22.3961,21.2653,22.3961,0.394,22.491
2015-01-05,22.0108,22.3160,21.2903,21.5455,0.261,22.437
2015-01-06,21.4404,21.7556,20.6249,21.3203,0.405,22.375
2015-01-07,21.7306,21.7956,20.9751,21.2503,0.187,22.318
2015-01-08,21.4154,21.5154,20.9350,20.9901,0.300,22.258
2015-01-09,20.8700,21.0051,20.4347,20.8249,0.216,22.202
2015-01-12,20.5998,20.5998,19.7392,20.3996,0.323,22.141
2015-01-13,20.4247,20.6248,19.8993,20.1445,0.313,22.083
2015-01-14,19.8392,20.4647,19.3389,20.3646,0.335,22.010
2015-01-15,20.3896,21.4404,20.2946,21.3153,0.367,21.941
2015-01-16,21.3403,21.9432,21.2202,21.7906,0.333,21.887
2015-01-20,21.7656,22.0108,21.3153,21.7656,0.409,21.833
2015-01-21,21.8357,22.5112,21.7656,21.9407,0.284,21.782
2015-01-22,22.0658,22.5112,21.6505,22.0859,0.297,21.728
2015-01-23,22.0308,22.5162,21.6806,22.3010,0.352,21.679
2015-01-26,22.3861,22.6413,21.9608,22.5462,0.282,21.644
2015-01-27,22.3911,22.6413,21.8107,22.3160,0.313,21.606
2015-01-28,22.3260,22.5612,22.0108,22.2009,0.356,21.580
2015-01-29,22.3424,22.8825,21.6678,22.0583,0.391,21.541
2015-01-30,22.0076,22.5351,21.1200,21.9772,0.399,21.498
2015-02-02,22.0837,22.6213,21.5866,22.4438,0.966,21.465
2015-02-03,22.4489,23.5039,22.0076,23.1945,0.424,21.448
2015-02-04,23.0778,23.1894,22.4793,22.7684,0.244,21.422
2015-02-05,22.9358,23.2503,22.6264,22.8546,0.232,21.400
2015-02-06,23.0119,23.0119,21.9823,22.5757,0.243,21.383
2015-02-09,22.5909,22.8090,21.9112,22.2409,0.201,21.366
2015-02-10,22.2866,22.5452,21.8453,22.1395,0.168,21.346
2015-02-11,22.0076,22.5909,21.8707,21.9112,0.190,21.344
2015-02-12,22.0888,22.9003,22.0178,22.7583,0.283,21.382
2015-02-13,22.9967,23.4531,22.5605,23.2503,0.363,21.423
2015-02-17,23.2300,23.5089,22.6954,23.3314,0.172,21.470
2015-02-18,23.2401,23.9553,23.1488,23.7372,0.221,21.530
2015-02-19,22.8394,24.0922,22.7684,24.0009,0.298,21.609
2015-02-20,24.0922,24.6806,23.8792,24.2292,0.404,21.712
2015-02-23,24.1582,24.4016,23.3314,23.5394,0.369,21.797
2015-02-24,23.6053,23.6510,22.7228,22.7887,0.414,21.891
2015-02-25,22.7278,23.4329,22.7126,22.8242,0.283,21.978
2015-02-26,22.7126,23.2756,22.3221,22.8952,0.286,22.054
2015-02-27,22.9155,23.3974,22.6365,23.3314,0.366,22.142
2015-03-02,23.3213,23.7727,23.0372,23.0372,0.319,22.197
2015-03-03,22.9865,23.2148,22.8468,23.0322,0.345,22.231
2015-03-04,22.9967,23.5647,22.6264,23.2046,0.485,22.256
2015-03-05,23.1793,23.4227,22.9967,23.2756,0.331,22.269
2015-03-06,23.0778,23.3486,22.2866,22.4438,0.240,22.274
2015-03-09,22.4641,22.8191,22.1496,22.2460,0.392,22.278
2015-03-10,21.7084,22.8090,21.6627,22.4438,0.469,22.293
2015-03-11,22.4438,22.6923,22.0796,22.2409,0.351,22.304
2015-03-12,22.2764,22.5757,21.7084,21.7794,0.227,22.300
2015-03-13,21.7388,22.1953,21.5562,22.1750,0.216,22.309
2015-03-16,22.0482,22.3322,21.6881,21.8808,0.263,22.322
2015-03-17,21.8047,22.2308,21.5816,22.0735,0.213,22.316
2015-03-18,22.0178,22.8141,21.5664,22.5047,0.280,22.335
2015-03-19,22.2916,22.5896,21.9011,22.2409,0.162,22.353
2015-03-20,22.4235,22.5655,21.9823,22.3018,0.291,22.374
2015-03-23,22.2511,22.9358,22.1446,22.8546,0.143,22.412
2015-03-24,22.8242,23.5292,22.8242,23.4633,0.233,22.464
2015-03-25,23.5850,23.8488,23.3923,23.5850,0.224,22.528
2015-03-26,23.6865,23.9502,23.4582,23.5089,0.148,22.595
2015-03-27,23.4734,24.0618,23.3518,23.4329,0.226,22.657
2015-03-30,23.4734,23.8436,23.2097,23.5901,0.182,22.702
2015-03-31,23.5242,24.3458,23.3162,23.8386,0.328,22.743
2015-04-01,23.9350,24.3154,23.4937,23.5698,0.157,22.779
2015-04-02,23.5242,23.8843,23.2452,23.3720,0.156,22.808
2015-04-06,23.3821,23.9248,23.3821,23.8133,0.199,22.842
2015-04-07,22.3728,22.8445,22.3627,22.7076,3.838,22.851
2015-04-08,22.7431,22.9662,22.4540,22.7329,0.498,22.854
2015-04-09,22.8242,23.1742,22.5199,23.1539,0.443,22.871
2015-04-10,23.1539,23.3720,23.0220,23.2503,0.400,22.892
2015-04-13,23.2807,23.3771,22.8952,23.2706,0.351,22.916
2015-04-14,23.2350,23.9350,22.8242,23.7321,0.643,22.951
2015-04-15,23.7625,24.1176,23.4633,23.9857,0.745,22.982
2015-04-16,23.8589,24.2697,23.5850,24.1227,0.264,23.001
2015-04-17,24.0922,24.5741,24.0009,24.5081,0.651,23.036
2015-04-20,24.4726,24.9240,24.4371,24.6755,0.350,23.072
2015-04-21,24.7668,24.9038,24.4016,24.5994,0.320,23.113
2015-04-22,24.5741,24.7769,24.0161,24.1429,0.383,23.151
2015-04-23,24.0973,24.4422,23.9908,24.0821,0.295,23.189
2015-04-24,24.0161,24.3357,23.9705,24.1987,0.301,23.235
2015-04-27,24.3052,24.7820,24.2038,24.4878,0.385,23.270
2015-04-28,24.4929,25.1776,24.3648,25.1776,0.423,23.308
2015-04-29,25.1442,25.6731,24.9440,25.3907,1.696,23.349
2015-04-30,24.8361,25.5550,24.7437,25.5242,0.341,23.385
2015-05-01,25.2572,25.5652,24.4151,24.8926,0.468,23.403
2015-05-04,24.8567,24.9748,24.3843,24.4562,0.211,23.408
2015-05-05,24.6153,24.7796,24.3643,24.6821,0.230,23.430
2015-05-06,24.7642,24.7899,23.7733,24.0762,0.272,23.456
2015-05-07,23.9427,24.1635,23.2701,23.6192,0.307,23.472
2015-05-08,23.7989,24.1224,23.5128,23.7887,0.151,23.490
2015-05-11,23.7065,24.0454,23.4806,23.6962,0.189,23.497
2015-05-12,23.7322,24.1173,23.3625,23.9273,0.178,23.515
2015-05-13,24.1019,24.4613,23.4909,24.0454,0.186,23.535
2015-05-14,23.9735,24.4613,23.9581,24.2765,0.255,23.557
2015-05-15,24.3278,24.5845,24.0557,24.5332,0.219,23.582
2015-05-18,24.6102,24.9234,24.4357,24.6616,0.312,23.626
2015-05-19,24.5537,24.6287,24.1430,24.4767,0.171,23.671
2015-05-20,24.4716,24.4716,24.1532,24.3021,0.124,23.708
2015-05-21,24.3381,24.8361,24.1532,24.8361,0.146,23.760
2015-05-22,24.6256,25.1031,24.6205,24.9131,0.157,23.823
2015-05-26,24.9131,25.0158,24.5743,24.8977,0.107,23.877
2015-05-27,24.9440,25.6936,24.9440,25.6371,0.253,23.952
2015-05-28,25.6217,25.6885,24.9299,25.0312,0.136,24.011
2015-05-29,25.0312,25.3393,24.7668,24.9696,0.264,24.061
2015-06-01,24.9696,25.2469,24.8927,24.9286,0.188,24.114
2015-06-02,24.8413,25.6115,24.5691,25.5652,0.333,24.180
2015-06-03,25.5293,25.5344,24.7386,24.7745,0.225,24.218
2015-06-04,24.7129,25.1108,23.9786,23.9786,0.273,24.228
2015-06-05,24.0043,24.1943,23.7219,24.1121,0.153,24.239
2015-06-08,24.1378,24.5332,23.9376,24.3946,0.258,24.257
2015-06-09,24.4972,24.7899,24.3124,24.3124,0.139,24.274
2015-06-10,24.4972,24.6279,23.7989,23.8451,0.210,24.279
2015-06-11,23.7733,24.4202,23.7271,24.2456,0.168,24.287
2015-06-12,24.2097,24.5281,23.7784,24.3997,0.175,24.304
2015-06-15,24.3124,25.0158,24.1533,24.7642,0.278,24.332
2015-06-16,24.7180,24.9080,24.4349,24.8515,0.175,24.353
2015-06-17,24.8105,25.4574,24.5435,24.7078,0.183,24.393
2015-06-18,24.6872,25.1493,24.0069,24.1532,0.326,24.421
2015-06-19,24.2713,24.2713,22.7977,23.2085,0.993,24.422
2015-06-22,23.3779,23.8349,22.9415,23.4652,0.403,24.426
2015-06-23,23.3163,23.6449,23.1135,23.1931,0.339,24.425
2015-06-24,23.1109,23.4082,22.8542,23.3214,0.231,24.417
2015-06-25,23.2598,23.5473,22.9671,22.9979,0.487,24.397
2015-06-26,22.9363,23.0287,22.3099,22.4691,0.245,24.364
2015-06-29,22.3356,23.0031,22.3356,22.5050,0.433,24.324
2015-06-30,22.6385,22.9363,22.3048,22.5358,0.416,24.281
2015-07-01,22.4331,22.8696,22.3048,22.6231,0.329,24.242
2015-07-02,22.7104,23.0750,22.4588,22.9004,0.250,24.217
2015-07-06,22.8439,22.8439,22.4337,22.5256,0.253,24.186
2015-07-07,22.5204,23.6192,22.4691,23.3779,0.457,24.169
2015-07-08,23.2085,23.4909,22.4537,22.6128,0.265,24.132
2015-07-09,22.7669,23.1314,22.6796,22.8490,0.468,24.085
2015-07-10,23.1417,23.4190,22.8809,23.2598,0.219,24.042
2015-07-13,23.1776,24.2816,23.1776,24.1378,0.435,24.015
2015-07-14,24.2148,24.7232,23.8965,24.5845,0.624,24.009
2015-07-15,24.5332,24.5640,23.8297,23.8708,0.194,23.997
2015-07-16,23.3420,23.3420,22.2842,22.4742,2.382,23.953
2015-07-17,22.3561,23.1186,22.0788,22.8490,8.651,23.928
2015-07-20,22.8388,23.3830,22.4639,23.0750,1.653,23.917
2015-07-21,22.9979,23.1931,22.6591,22.8593,0.980,23.899
2015-07-22,22.6077,22.9415,22.2688,22.4485,0.855,23.874
2015-07-23,22.3099,22.9158,22.3099,22.6180,0.562,23.848
2015-07-24,22.6642,23.0750,22.4177,22.8952,0.495,23.824
2015-07-27,22.5615,23.4755,22.3048,23.3471,0.640,23.806
2015-07-28,23.5011,23.6500,23.0287,23.4703,0.807,23.785
2015-07-29,23.6034,23.6034,22.8329,23.4472,0.443,23.760
2015-07-30,23.4264,23.4785,22.8225,23.3223,0.315,23.737
2015-07-31,23.1453,23.4472,22.7080,23.1088,0.364,23.713
2015-08-03,22.9422,23.2530,22.1829,22.5778,0.390,23.668
2015-08-04,22.5882,22.9995,22.2395,22.3227,0.328,23.616
2015-08-05,22.3436,22.7132,21.2608,21.4013,0.753,23.547
2015-08-06,21.4430,21.5574,19.8500,20.8235,0.796,23.450
2015-08-07,20.8235,21.1878,20.4330,20.7193,0.355,23.364
2015-08-10,20.6569,21.9062,20.6048,21.6876,0.411,23.298
2015-08-11,21.4742,21.9323,20.8963,21.8490,0.317,23.237
2015-08-12,21.7865,22.6872,21.6044,22.6767,0.520,23.179
2015-08-13,22.5050,22.7757,21.9688,22.2447,0.311,23.128
2015-08-14,22.4893,22.7669,22.3227,22.5570,0.165,23.100
2015-08-17,22.5414,23.3639,22.5414,22.9006,0.535,23.076
2015-08-18,22.9579,23.1817,22.5622,23.1088,0.411,23.050
2015-08-19,23.1245,23.3743,22.0989,22.6767,0.519,23.017
2015-08-20,22.5570,23.2182,22.0625,22.1614,0.405,22.984
2015-08-21,22.0052,22.2290,21.1983,21.8907,0.578,22.937
2015-08-24,17.8301,21.8360,14.2641,20.9276,0.620,22.867
2015-08-25,21.3857,22.0052,21.0421,21.0421,0.383,22.793
2015-08-26,21.2712,21.8126,20.9432,21.6824,0.591,22.729
2015-08-27,21.9479,22.9110,21.6694,22.7809,0.455,22.691
2015-08-28,22.4529,23.7335,22.1822,22.9787,0.451,22.667
2015-08-31,22.8850,23.6138,22.4165,22.7288,0.428,22.658
2015-09-01,22.4477,22.8017,21.9011,22.1093,0.379,22.631
2015-09-02,22.2082,22.8642,21.7189,22.7861,0.329,22.622
2015-09-03,22.9891,23.3639,22.6611,22.8225,0.228,22.612
2015-09-04,22.7652,23.2754,22.6247,22.9839,0.215,22.612
2015-09-08,23.0099,23.3847,22.6247,23.1453,0.237,22.626
2015-09-09,23.1140,23.6138,22.1874,22.2447,0.243,22.620
2015-09-10,22.1874,22.9053,22.1614,22.7913,0.212,22.626
2015-09-11,22.5466,22.8121,22.2967,22.4529,0.333,22.622
2015-09-14,22.3852,23.0724,22.2499,22.5414,0.338,22.615
2015-09-15,22.5622,23.2234,22.5622,22.9058,0.224,22.623
2015-09-16,22.9058,23.3327,22.5159,22.7705,0.428,22.610
2015-09-17,22.7080,22.9995,22.1510,22.2134,0.585,22.602
2015-09-18,21.9740,22.7392,21.8750,22.2603,1.680,22.591
2015-09-21,22.2811,22.6039,21.9219,22.2030,0.323,22.570
2015-09-22,21.9167,22.2551,21.0473,21.6512,0.494,22.520
2015-09-23,21.5471,21.9166,20.5632,20.7193,0.352,22.442
2015-09-24,20.5632,20.6619,19.7146,20.6465,0.608,22.378
2015-09-25,20.8703,21.2087,20.3997,20.4799,0.356,22.338
2015-09-28,20.3029,20.4278,19.3710,20.0634,0.484,22.282
2015-09-29,20.0009,20.4369,18.2309,18.4756,0.739,22.190
2015-09-30,18.7151,20.4018,18.5329,19.9593,0.598,22.132
2015-10-01,20.1936,21.0317,19.9749,20.7870,0.467,22.099
2015-10-02,20.2612,21.6980,19.9802,21.2660,0.643,22.072
2015-10-05,21.4325,22.6195,21.4325,22.5154,0.551,22.065
2015-10-06,22.5258,22.8225,21.9219,22.4060,0.463,22.046
2015-10-07,22.5466,23.0568,22.3852,22.7288,0.392,22.031
2015-10-08,22.7444,22.8642,22.1301,22.5570,0.324,22.013
2015-10-09,22.5414,23.0724,22.2082,22.9735,0.310,22.006
2015-10-12,22.9683,22.9683,20.8963,20.9224,1.109,21.962
2015-10-13,20.7610,21.2087,20.1416,20.5528,0.742,21.922
2015-10-14,20.5267,20.9338,19.9281,20.1415,0.947,21.878
2015-10-15,20.0426,21.7865,19.9124,21.7501,0.967,21.885
2015-10-16,21.6772,22.0416,21.4716,21.8646,0.654,21.906
2015-10-19,21.6564,21.8907,21.1723,21.7501,0.349,21.927
2015-10-20,21.5783,22.0312,21.3344,21.8126,0.248,21.929
2015-10-21,21.7397,21.9896,21.3911,21.4169,0.219,21.921
2015-10-22,21.5002,21.8178,20.9120,21.2660,0.404,21.892
2015-10-23,21.3440,21.6095,20.8911,21.2816,0.258,21.873
2015-10-26,21.1306,21.2295,20.5684,20.6152,0.212,21.834
2015-10-27,20.4382,20.6517,20.0686,20.3081,0.428,21.782
2015-10-28,20.3167,21.2635,20.2427,21.0890,0.290,21.742
2015-10-29,21.0043,21.5491,20.8324,21.0678,0.232,21.710
2015-10-30,21.2582,22.0516,20.7240,21.3217,0.458,21.693
2015-11-02,21.0625,22.1839,21.0149,21.7343,0.366,21.690
2015-11-03,22.0569,23.2735,21.8559,22.6969,0.736,21.725
2015-11-04,22.7393,22.9720,22.0199,22.1363,0.440,21.747
2015-11-05,22.1997,22.5700,21.6602,22.0834,0.509,21.755
2015-11-06,21.9723,22.1945,21.3957,21.6867,0.384,21.733
2015-11-09,21.6549,22.1098,21.3957,21.7184,0.370,21.708
2015-11-10,21.5386,21.9987,21.4010,21.6867,0.356,21.687
2015-11-11,21.6338,21.8771,21.1366,21.4910,0.390,21.675
2015-11-12,20.9726,21.4539,20.7081,20.9885,0.441,21.639
2015-11-13,21.0414,21.1471,20.6923,20.8933,0.365,21.600
2015-11-16,21.0625,22.0305,21.0625,22.0093,0.330,21.581
2015-11-17,21.8136,22.0305,21.1366,21.4169,0.324,21.546
2015-11-18,21.5068,21.8242,21.0784,21.7131,0.356,21.536
2015-11-19,21.5439,21.5756,20.8246,20.8562,0.446,21.497
2015-11-20,20.8827,21.4857,20.6817,21.0519,0.533,21.469
2015-11-23,21.1260,21.2053,20.1950,20.4860,0.479,21.428
2015-11-24,20.4595,21.1471,20.3167,20.9144,0.477,21.388
2015-11-25,20.6764,21.3005,20.4066,21.0308,0.272,21.353
2015-11-27,21.0837,21.3005,20.5970,21.0149,0.089,21.329
2015-11-30,21.0414,21.3587,20.7875,20.8139,0.300,21.300
2015-12-01,20.7822,21.0572,20.4648,20.8880,0.339,21.274
2015-12-02,20.6817,20.8245,20.1104,20.4754,0.724,21.250
2015-12-03,20.5071,20.7134,19.0155,19.3646,0.929,21.223
2015-12-04,19.2218,19.6026,18.1718,18.2644,1.301,21.176
2015-12-07,18.0370,19.5127,17.0161,17.6879,1.461,21.120
2015-12-08,16.4766,18.1216,16.4395,17.7460,0.844,21.074
2015-12-09,17.8254,19.6449,17.2964,19.5550,1.051,21.095
2015-12-10,19.4598,19.6343,18.2380,19.1795,0.866,21.080
2015-12-11,18.9891,18.9891,17.3123,17.4128,0.784,21.012
2015-12-14,17.2753,17.4022,16.4924,16.9897,0.726,20.927
2015-12-15,17.0425,17.4816,16.7622,16.9368,0.489,20.815
2015-12-16,16.8944,18.1692,16.4872,17.5926,0.759,20.719
2015-12-17,17.7143,17.9788,16.7992,17.1166,0.762,20.606
2015-12-18,17.2488,17.4763,16.6326,16.9949,1.253,20.495
2015-12-21,16.8363,17.5550,16.2862,17.5027,0.956,20.386
2015-12-22,17.4921,18.7881,17.4752,18.4178,0.745,20.336
2015-12-23,18.7246,19.2033,18.2485,19.0049,0.597,20.305
2015-12-24,19.1953,19.5656,19.0737,19.0948,0.464,20.284
2015-12-28,18.6981,19.0631,18.2009,18.8833,0.570,20.226
2015-12-29,19.2906,19.4096,18.3649,18.6347,0.374,20.162
2015-12-30,18.1692,18.7299,18.0211,18.3596,0.476,20.094
2015-12-31,18.3702,19.5444,18.2803,19.4334,0.506,20.046
2016-01-04,19.4704,19.7560,18.8833,19.6714,0.607,20.012
2016-01-05,19.4704,19.6291,18.8674,19.5868,0.360,19.978
2016-01-06,19.1054,19.1848,18.1904,18.5077,0.418,19.923
2016-01-07,18.2432,18.3798,17.0161,17.2012,0.816,19.854
2016-01-08,17.4551,17.7355,17.0002,17.1483,0.506,19.791
2016-01-11,17.0214,17.2964,15.6621,16.0428,0.726,19.690
2016-01-12,16.6617,16.7675,14.7205,15.9476,0.814,19.588
2016-01-13,16.3152,16.7252,15.3505,15.4663,0.792,19.471
2016-01-14,15.4663,16.2809,15.2460,16.0270,0.698,19.356
2016-01-15,14.5406,15.0802,14.2868,14.8580,1.093,19.200
2016-01-19,14.9003,15.5456,13.9927,14.1439,1.287,19.040
2016-01-20,13.5621,13.6414,12.0123,12.8110,1.468,18.854
2016-01-21,12.8798,14.2762,12.6100,13.7472,0.689,18.696
2016-01-22,14.2339,15.4822,14.2233,15.0061,0.822,18.561
2016-01-25,13.2183,15.5932,13.2183,14.6041,1.132,18.420
2016-01-26,14.8474,15.6726,14.2286,15.6038,0.842,18.302
2016-01-27,15.2558,15.6131,14.7794,15.0934,0.674,18.184
2016-01-28,15.7539,16.0300,14.9310,15.1692,0.592,18.070
2016-01-29,15.4128,15.7430,15.2341,15.3857,0.481,17.937
2016-02-01,15.0338,15.4778,14.8335,15.2937,0.629,17.815
2016-02-02,14.9364,15.2287,14.6170,14.7902,0.787,17.676
2016-02-03,14.9093,15.0122,13.9488,14.5899,0.745,17.551
2016-02-04,14.7253,15.2504,14.5791,15.1042,0.532,17.432
2016-02-05,14.8606,15.3749,14.5737,14.8281,0.639,17.319
2016-02-08,14.4437,14.4437,12.7222,12.8575,0.933,17.158
2016-02-09,12.3107,12.7709,11.4175,11.9643,1.342,16.976
2016-02-10,12.0996,12.5923,11.5961,11.9264,0.639,16.795
2016-02-11,11.5203,11.8884,10.5842,11.0602,1.116,16.599
2016-02-12,11.3309,11.8398,10.8491,11.6719,1.589,16.415
2016-02-16,11.8939,12.6518,11.8939,12.5165,1.996,16.256
2016-02-17,12.8196,13.3258,12.6410,13.0308,1.072,16.129
2016-02-18,13.5342,14.0702,13.1553,13.4639,1.182,16.033
2016-02-19,13.0470,13.2635,12.8521,13.1445,0.824,15.942
2016-02-22,13.4801,13.8915,13.2419,13.4422,0.745,15.856
2016-02-23,13.3015,13.3177,12.3162,12.4190,0.610,15.714
2016-02-24,12.0130,12.8575,11.8127,12.7872,0.684,15.586
2016-02-25,12.6735,12.9496,12.3811,12.8521,0.518,15.495
2016-02-26,13.1174,13.5342,12.9063,12.9766,0.542,15.414
2016-02-29,13.1499,14.1832,13.0199,13.8645,0.796,15.353
2016-03-01,14.0377,14.0377,13.5018,13.5613,0.953,15.272
2016-03-02,13.3502,14.4437,13.3502,14.3517,0.694,15.217
2016-03-03,14.3138,14.9093,14.2110,14.8552,0.675,15.174
2016-03-04,14.9310,15.3018,14.1460,14.4059,1.201,15.112
2016-03-07,14.5683,14.9851,14.4654,14.9364,1.124,15.043
2016-03-08,14.8011,14.8011,13.9511,14.1622,0.707,14.946
2016-03-09,14.4329,14.8414,14.3192,14.6170,0.621,14.856
2016-03-10,14.6170,14.6982,14.2326,14.3625,0.314,14.766
2016-03-11,14.6819,15.1584,14.6819,14.9959,0.853,14.693
2016-03-14,14.7902,15.1746,14.5547,15.0880,0.411,14.627
2016-03-15,14.9310,14.9851,14.4194,14.9851,0.454,14.539
2016-03-16,15.1096,16.7500,15.0122,16.5118,1.091,14.475
2016-03-17,16.6038,17.7623,16.6038,17.7407,1.608,14.438
2016-03-18,17.9572,18.2225,17.4234,17.5025,1.840,14.418
2016-03-21,17.6162,17.8435,16.9340,17.0261,0.857,14.415
2016-03-22,16.6579,17.7948,16.6146,17.2968,0.632,14.418
2016-03-23,17.1019,17.1127,16.2194,16.2249,0.822,14.421
2016-03-24,15.9217,16.5930,15.4290,16.2627,0.872,14.428
2016-03-28,16.2573,16.5280,15.9054,16.3764,0.699,14.446
2016-03-29,16.0841,16.5388,15.8188,16.4089,0.342,14.454
2016-03-30,16.7716,17.2047,16.5388,16.6471,0.517,14.489
2016-03-31,16.5984,17.2535,16.4793,17.2101,0.350,14.551
2016-04-01,16.7392,17.1073,16.3385,16.6309,0.359,14.627
2016-04-04,16.6255,16.8637,16.1166,16.3006,0.821,14.678
2016-04-05,16.1058,16.2682,15.8730,15.9379,0.584,14.697
2016-04-06,16.1382,16.3865,15.8621,16.2032,0.329,14.729
2016-04-07,16.0679,16.4360,15.8026,15.9542,0.444,14.736
2016-04-08,16.3223,16.7013,16.1382,16.2194,0.418,14.758
2016-04-11,16.3277,16.6579,16.1978,16.2682,0.329,14.780
2016-04-12,16.2790,17.2069,16.2357,17.0694,0.317,14.814
2016-04-13,17.1127,17.3401,16.6634,17.2751,0.268,14.854
2016-04-14,17.3671,17.4361,17.0098,17.0965,0.373,14.900
2016-04-15,16.9503,17.2535,16.5659,16.6092,0.279,14.940
2016-04-18,16.2844,17.2968,16.2211,17.2643,0.325,14.983
2016-04-19,17.4213,18.2225,17.4178,18.1575,0.539,15.050
2016-04-20,18.0818,19.4947,18.0818,18.7206,0.982,15.167
2016-04-21,18.7639,18.9154,18.2442,18.3362,0.438,15.295
2016-04-22,18.3741,18.8451,18.1575,18.3524,0.589,15.423
2016-04-25,18.4878,18.5284,17.8435,18.0439,0.628,15.563
2016-04-26,18.2009,18.2009,17.7028,18.0818,0.691,15.691
2016-04-27,18.1408,18.5164,18.0690,18.2347,1.014,15.805
2016-04-28,18.1187,18.5772,17.8646,18.0137,0.507,15.905
2016-04-29,17.9640,18.5109,17.7762,17.9088,0.652,15.994
2016-05-02,17.9309,17.9309,17.3370,17.6768,0.597,16.085
2016-05-03,17.3011,17.4171,16.8813,17.0912,0.850,16.158
2016-05-04,17.0526,17.6325,16.5775,17.0581,0.745,16.250
2016-05-05,17.3067,17.6657,17.1520,17.2846,0.674,16.340
2016-05-06,17.2404,17.6685,17.0636,17.3785,0.349,16.431
2016-05-09,17.2514,17.6878,16.8868,17.6381,0.852,16.524
2016-05-10,17.8535,18.1518,17.5773,18.1463,0.646,16.610
2016-05-11,17.9916,18.9252,17.8176,18.7816,0.820,16.714
2016-05-12,19.1020,19.2953,18.7318,19.0467,0.448,16.808
2016-05-13,18.9528,19.4002,18.9247,19.1572,0.471,16.894
2016-05-16,19.4444,19.7593,19.2898,19.6267,0.763,16.998
2016-05-17,19.5383,20.2012,19.5163,20.1018,0.717,17.102
2016-05-18,20.1626,20.4277,19.6985,20.2233,0.900,17.223
2016-05-19,20.1239,20.9414,19.7980,20.6597,0.850,17.344
2016-05-20,20.7757,21.2508,20.5713,21.1127,0.749,17.479
2016-05-23,20.9912,21.1237,20.5492,20.7812,0.324,17.594
2016-05-24,20.8973,20.9912,20.4498,20.5492,0.448,17.704
2016-05-25,20.7150,21.3005,20.7150,21.1127,0.272,17.826
2016-05-26,21.3060,21.4220,20.9138,21.0574,0.336,17.917
2016-05-27,20.9083,21.1458,20.5990,20.9249,0.430,17.981
2016-05-31,20.9691,21.2839,20.5934,20.8089,0.621,18.047
2016-06-01,20.5769,21.5049,20.5106,21.4717,0.531,18.136
2016-06-02,21.2287,22.0960,20.8775,22.0960,0.615,18.232
2016-06-03,22.0241,22.0960,21.3806,21.7921,0.461,18.343
2016-06-06,22.2341,22.2893,21.5325,21.7977,0.408,18.454
2016-06-07,21.9744,22.2285,21.7858,21.8971,0.508,18.564
2016-06-08,22.1070,22.2451,21.6817,21.8142,0.800,18.672
2016-06-09,21.5933,21.9247,21.4552,21.6430,0.704,18.772
2016-06-10,21.5270,21.6319,20.9912,21.1127,0.454,18.850
2016-06-13,20.9470,21.0298,20.3615,20.5879,0.659,18.930
2016-06-14,20.4609,20.6045,19.9527,20.5492,0.649,19.015
2016-06-15,20.5106,20.8862,20.2509,20.7481,0.351,19.111
2016-06-16,20.4388,20.9138,20.1736,20.7812,0.474,19.202
2016-06-17,21.0740,21.3336,20.3421,20.5603,1.370,19.294
2016-06-20,20.9580,21.2176,20.3559,20.3614,0.617,19.377
2016-06-21,20.3007,20.8089,20.1515,20.5658,0.399,19.463
2016-06-22,20.7039,21.1624,20.2951,20.7371,0.533,19.537
2016-06-23,20.9470,21.2176,20.6431,21.2176,0.415,19.615
2016-06-24,20.4056,21.2646,20.3007,20.5492,0.717,19.684
2016-06-27,20.4388,20.5106,19.3931,19.8035,0.543,19.748
2016-06-28,20.3117,20.8254,19.8836,20.8199,0.390,19.819
2016-06-29,21.0795,21.5712,20.9530,20.9967,0.354,19.876
2016-06-30,21.0961,21.2121,20.5934,21.1955,0.425,19.926
2016-07-01,21.4607,22.2617,21.1679,21.3447,0.588,19.986
2016-07-05,20.8641,21.2839,20.5824,21.2287,0.323,20.043
2016-07-06,20.9967,21.2060,20.7536,20.9525,0.499,20.102
2016-07-07,21.1403,21.6319,20.7757,20.9083,0.285,20.158
2016-07-08,21.1293,21.6596,21.0630,21.6596,0.269,20.227
2016-07-11,21.7756,21.8198,21.2397,21.3889,0.398,20.294
2016-07-12,21.6319,22.2285,21.6319,21.8198,0.404,20.372
2016-07-13,21.8198,21.8198,21.2674,21.6817,0.390,20.452
2016-07-14,21.8695,22.5103,21.8032,22.3556,1.033,20.558
2016-07-15,22.4219,22.5379,21.9909,22.2396,0.692,20.661
2016-07-18,22.3445,22.5324,21.9468,22.1512,0.589,20.759
2016-07-19,22.0241,22.3666,21.9302,22.3390,0.725,20.858
2016-07-20,22.3390,22.5931,21.9308,22.5931,1.396,20.957
2016-07-21,22.5324,22.5528,21.7590,22.0407,0.734,21.035
2016-07-22,20.8586,20.9304,20.6321,20.9193,7.940,21.078
2016-07-25,20.8973,21.0685,20.7205,20.7592,0.920,21.112
2016-07-26,20.7812,20.9801,20.5050,20.5327,0.705,21.139
2016-07-27,20.5499,20.8314,20.2008,20.2233,0.674,21.151
2016-07-28,20.2402,20.4204,19.9869,20.2684,0.489,21.155
2016-07-29,20.0150,20.5780,19.8787,20.4823,0.633,21.160
2016-08-01,20.2684,20.4879,19.9812,20.2740,0.574,21.152
2016-08-02,20.4091,20.5949,19.7110,20.2458,0.979,21.135
2016-08-03,20.5555,20.6231,19.9700,20.0150,0.635,21.119
2016-08-04,19.8686,20.0432,19.1818,19.6547,0.834,21.102
2016-08-05,19.6491,20.0995,19.5027,19.5815,0.676,21.071
2016-08-08,19.6659,20.2684,19.6659,19.8348,0.556,21.047
2016-08-09,19.8348,20.0938,19.7842,20.0826,0.337,21.030
2016-08-10,20.0826,20.2120,19.7532,20.0263,0.339,21.014
2016-08-11,20.2121,20.3979,20.0037,20.1670,0.230,20.988
2016-08-12,20.2853,20.9102,20.2064,20.3303,0.465,20.953
2016-08-15,20.5780,20.7300,20.3697,20.6231,0.351,20.929
2016-08-16,20.5611,21.0678,20.5611,20.6062,0.318,20.905
2016-08-17,20.6231,20.7244,20.3021,20.4316,0.412,20.876
2016-08-18,20.5105,20.8539,20.4542,20.8257,0.293,20.856
2016-08-19,20.8257,20.8257,20.5048,20.5949,0.265,20.835
2016-08-22,20.5330,20.5724,20.2009,20.3247,0.203,20.820
2016-08-23,20.2515,20.5949,19.8073,20.5330,0.559,20.819
2016-08-24,20.3528,20.5499,20.1107,20.3416,0.256,20.814
2016-08-25,20.3021,20.5499,20.1727,20.4260,0.329,20.808
2016-08-26,20.4147,20.8314,20.4147,20.5893,0.333,20.804
2016-08-29,20.5555,20.8595,20.4091,20.5837,0.441,20.805
2016-08-30,20.6737,20.6737,20.1952,20.2402,0.414,20.802
2016-08-31,20.3472,20.3472,19.8174,20.1501,0.645,20.794
2016-09-01,20.0150,20.0862,19.6378,20.0713,0.302,20.780
2016-09-02,20.1614,20.5048,20.0544,20.4767,0.387,20.766
2016-09-06,20.5386,20.7244,20.1952,20.4260,0.325,20.763
2016-09-07,20.5105,20.8089,20.5048,20.6568,0.400,20.780
2016-09-08,20.8314,20.9885,20.6456,20.8201,0.582,20.780
2016-09-09,20.6343,20.7131,19.8377,19.8911,0.506,20.758
2016-09-12,19.7617,20.0488,19.5274,19.7673,0.522,20.730
2016-09-13,19.4070,19.7476,18.9340,19.0860,1.125,20.684
2016-09-14,19.0748,19.4238,18.7595,18.9509,0.647,20.639
2016-09-15,18.8946,19.3112,18.8665,19.0635,0.503,20.601
2016-09-16,18.7201,19.2662,18.5962,19.0354,1.146,20.564
2016-09-19,19.2549,19.4745,19.1198,19.2887,0.551,20.516
2016-09-20,19.3394,19.6096,19.0917,19.1423,0.437,20.471
2016-09-21,19.2606,19.5365,19.1311,19.4858,0.376,20.425
2016-09-22,19.8180,19.9981,19.5702,19.9587,0.274,20.390
2016-09-23,19.8911,20.2458,19.8292,20.0657,0.291,20.344
2016-09-26,20.1389,20.2402,19.9306,19.9812,0.352,20.299
2016-09-27,19.7954,20.3247,19.6378,20.2121,0.320,20.260
2016-09-28,20.2121,20.9609,20.1839,20.7244,0.441,20.228
2016-09-29,20.8314,21.1129,20.6344,20.9496,0.557,20.195
2016-09-30,21.0735,21.4113,20.9046,21.3775,0.652,20.182
2016-10-03,21.3043,21.5971,20.9046,20.9440,0.496,20.182
2016-10-04,20.9327,21.0960,20.7582,20.8989,0.274,20.185
2016-10-05,21.2142,21.3214,20.2740,20.6231,0.951,20.187
2016-10-06,20.6512,20.8595,20.3027,20.4091,0.303,20.191
2016-10-07,20.2684,20.5499,20.1501,20.2627,0.266,20.191
2016-10-10,20.4598,20.8482,20.4598,20.7188,0.237,20.195
2016-10-11,20.6456,20.6484,20.0826,20.5499,0.280,20.201
2016-10-12,20.4204,20.4598,20.0375,20.1220,0.247,20.198
2016-10-13,20.0094,20.3072,19.8236,20.1614,0.483,20.201
2016-10-14,20.3021,20.5273,19.9925,20.3359,0.222,20.215
2016-10-17,20.2740,20.5330,20.2177,20.5273,0.205,20.234
2016-10-18,20.6231,20.8089,20.4936,20.7526,0.175,20.252
2016-10-19,20.8764,21.0960,20.7526,21.0059,0.310,20.271
2016-10-20,20.8426,21.0622,20.6625,20.9215,0.201,20.289
2016-10-21,20.8820,21.1016,20.7413,20.9440,0.293,20.304
2016-10-24,20.9496,21.1917,20.8370,21.0003,0.295,20.318
2016-10-25,20.8483,20.9271,20.5499,20.8877,0.275,20.323
2016-10-26,20.8300,20.8358,20.4684,20.6062,0.462,20.323
2016-10-27,20.6119,20.8071,20.3995,20.4110,0.185,20.322
2016-10-28,20.3192,20.8932,20.2704,20.6291,0.325,20.319
2016-10-31,20.6291,20.6521,19.9920,20.0494,0.350,20.308
2016-11-01,19.9461,20.2618,19.2573,19.2630,0.654,20.286
2016-11-02,19.0162,19.6074,18.7120,19.5213,0.926,20.266
2016-11-03,18.9129,19.5500,18.9129,19.3951,0.619,20.247
2016-11-04,18.8268,19.1569,18.2528,18.7579,1.368,20.214
2016-11-07,18.9646,19.2975,18.6489,18.8325,0.537,20.179
2016-11-08,18.7924,18.9646,18.6374,18.7694,0.370,20.142
2016-11-09,18.6833,19.3606,18.5597,19.1942,0.312,20.122
2016-11-10,19.2458,19.8829,19.2401,19.3032,0.367,20.105
2016-11-11,19.1425,19.2401,18.6546,19.1884,0.497,20.087
2016-11-14,19.1368,19.5213,19.1253,19.4525,0.672,20.066
2016-11-15,19.5902,19.8887,19.5041,19.7624,0.593,20.053
2016-11-16,19.6534,19.7968,19.0392,19.1425,0.455,20.023
2016-11-17,19.5328,19.5615,19.0650,19.4238,0.374,19.995
2016-11-18,19.4926,19.7394,19.2630,19.5845,0.289,19.989
2016-11-21,19.8370,20.0437,19.5845,19.7681,0.308,19.989
2016-11-22,19.8485,19.9346,19.5041,19.7567,0.314,20.002
2016-11-23,19.6591,19.9690,19.5730,19.8083,0.213,20.019
2016-11-25,19.8083,19.8657,19.5219,19.6763,0.130,20.032
2016-11-28,19.6763,19.9231,19.2803,19.3434,0.440,20.038
2016-11-29,19.0908,19.6132,18.9473,19.1655,0.960,20.035
2016-11-30,19.7624,20.4684,19.7153,20.0551,0.583,20.054
2016-12-01,20.2101,20.2560,19.3491,19.4754,0.365,20.053
2016-12-02,19.4525,19.9690,19.2630,19.2803,0.679,20.040
2016-12-05,19.3951,19.5148,19.0794,19.1712,0.444,20.022
2016-12-06,19.1138,19.3595,18.9703,19.2171,0.185,20.007
2016-12-07,19.1999,19.5730,19.1546,19.4525,0.177,19.991
2016-12-08,19.5213,19.7107,19.0851,19.5443,0.451,19.968
2016-12-09,19.6706,19.9633,19.5787,19.6706,0.351,19.942
2016-12-12,20.1699,20.3594,19.8772,19.9977,0.402,19.915
2016-12-13,20.0781,20.1471,19.8485,20.0322,0.449,19.896
2016-12-14,19.8715,20.0437,19.0851,19.0851,0.491,19.860
2016-12-15,19.0564,19.5845,18.9473,19.4467,0.523,19.837
2016-12-16,19.4180,20.0494,19.3319,19.6935,1.441,19.822
2016-12-19,19.7854,19.8672,19.6017,19.7452,0.405,19.812
2016-12-20,19.8600,20.3307,19.7595,20.2044,0.713,19.802
2016-12-21,20.2044,20.3852,20.1011,20.2675,0.544,19.796
2016-12-22,20.2331,20.4684,20.1212,20.2331,0.741,19.798
2016-12-23,20.1470,20.4110,20.0907,20.2560,0.213,19.800
2016-12-27,20.3134,20.4742,20.0437,20.2503,0.428,19.798
2016-12-28,20.3077,20.3077,20.0557,20.1125,0.297,19.790
2016-12-29,20.0666,20.2503,19.8083,20.2273,0.596,19.780
2016-12-30,20.1642,20.6750,19.9403,20.6750,0.580,19.773
2017-01-03,20.8530,21.0539,20.5890,20.8702,0.296,19.772
2017-01-04,20.9333,21.0309,20.7324,20.8128,0.290,19.769
2017-01-05,20.8243,21.1113,20.6062,20.6349,0.271,19.762
2017-01-06,20.6980,21.1489,20.5488,21.1228,0.314,19.767
2017-01-09,20.9391,20.9907,20.6521,20.7554,0.433,19.770
2017-01-10,20.6750,20.8013,20.3881,20.4168,0.330,19.770
2017-01-11,20.2618,20.5373,20.2101,20.3479,0.348,19.764
2017-01-12,20.5086,20.5724,20.2101,20.3594,0.336,19.770
2017-01-13,20.4340,20.5832,20.2675,20.4512,0.275,19.794
2017-01-17,20.6406,20.6464,20.4340,20.5373,0.265,19.815
2017-01-18,20.5143,20.6521,20.3766,20.5316,0.273,19.837
2017-01-19,20.5717,20.6464,20.2905,20.3020,0.214,19.868
2017-01-20,20.4914,20.5775,20.3307,20.3766,0.199,19.899
2017-01-23,20.3766,20.5086,20.2331,20.4684,0.440,19.933
2017-01-24,20.4856,20.9849,20.4856,20.7669,0.664,19.964
2017-01-25,20.8128,21.2376,20.7898,21.2089,0.386,20.003
2017-01-26,21.2950,21.7427,21.2433,21.7312,0.512,20.053
2017-01-27,21.7396,21.7864,21.3769,21.5992,0.497,20.096
2017-01-30,21.5992,21.5992,20.9615,21.0785,0.313,20.123
2017-01-31,21.0083,21.2599,20.8737,21.2189,0.341,20.164
2017-02-01,21.3184,21.3535,20.9498,21.0375,0.316,20.196
2017-02-02,21.2833,21.3535,20.7743,20.9147,0.540,20.223
2017-02-03,21.0083,21.1311,20.7099,20.7977,0.470,20.244
2017-02-06,20.7743,20.9147,20.6105,20.9088,0.181,20.267
2017-02-07,20.7918,20.9147,20.5988,20.8269,0.241,20.287
2017-02-08,20.7743,21.2072,20.6690,20.8269,0.555,20.310
2017-02-09,20.9966,21.1780,20.6924,20.6924,0.597,20.337
2017-02-10,20.8620,21.2599,20.7919,21.0375,0.409,20.375
2017-02-13,21.0609,21.3301,20.9147,21.3242,0.386,20.400
2017-02-14,21.2365,21.7922,21.1955,21.7454,0.511,20.445
2017-02-15,21.8039,22.0145,21.5875,21.9970,0.485,20.500
2017-02-16,21.1194,21.6109,20.8152,20.8971,1.220,20.534
2017-02-17,20.4759,20.7216,19.8967,20.3531,1.222,20.557
2017-02-21,20.4174,20.6397,20.2478,20.4935,0.400,20.578
2017-02-22,20.3414,20.4350,19.9728,20.0606,0.534,20.588
2017-02-23,20.1834,20.2010,19.7388,19.9669,0.407,20.594
2017-02-24,19.8324,19.9698,19.3936,19.6101,0.457,20.586
2017-02-27,19.5750,19.7271,19.3647,19.5633,0.465,20.577
2017-02-28,19.4404,19.8265,19.4404,19.7973,0.501,20.591
2017-03-01,19.8850,20.0957,19.8090,20.0313,0.425,20.603
2017-03-02,19.8967,20.0137,19.8324,19.8616,0.275,20.606
2017-03-03,19.8792,19.9611,19.6042,19.8148,0.354,20.608
2017-03-06,19.7388,19.7739,19.5048,19.7622,0.308,20.599
2017-03-07,19.7212,20.1015,19.6101,20.0781,0.309,20.595
2017-03-08,19.9201,20.1074,19.6393,19.6920,0.305,20.584
2017-03-09,19.5223,19.7914,19.3468,19.7797,0.576,20.575
2017-03-10,19.8792,20.0254,19.6569,19.7856,0.369,20.565
2017-03-13,19.7622,19.9562,19.7446,19.8148,0.383,20.559
2017-03-14,19.6276,19.8265,19.3878,19.7154,0.518,20.549
2017-03-15,19.7154,19.9728,19.6803,19.8558,0.627,20.533
2017-03-16,19.8675,20.0430,19.7446,19.7797,0.398,20.511
2017-03-17,19.7973,19.7973,18.9666,19.0017,1.408,20.475
2017-03-20,18.8729,19.2298,18.4283,19.2240,0.966,20.446
2017-03-21,18.6097,18.9490,18.5453,18.7267,3.444,20.398
2017-03-22,18.5863,18.7969,18.3698,18.4576,0.408,20.353
2017-03-23,18.4517,18.6506,18.3698,18.4108,0.678,20.312
2017-03-24,18.5395,18.7150,18.3698,18.4810,0.656,20.275
2017-03-27,18.2645,18.3464,18.0071,18.1183,0.904,20.230
2017-03-28,18.1417,18.2587,17.9369,18.2353,0.534,20.186
2017-03-29,18.2821,18.8261,18.2294,18.6623,0.375,20.148
2017-03-30,18.7442,18.7618,18.4400,18.7267,0.680,20.112
2017-03-31,18.6331,18.9900,18.5863,18.9666,0.423,20.086
2017-04-03,19.0602,19.0836,18.8261,19.0836,0.619,20.060
2017-04-04,19.0485,19.1947,19.0192,19.1128,0.412,20.033
2017-04-05,19.2708,19.3878,19.1655,19.2064,0.482,20.001
2017-04-06,19.2181,19.4931,19.2181,19.4755,0.255,19.967
2017-04-07,19.4931,19.5721,19.3995,19.4580,0.368,19.921
2017-04-10,19.6101,19.6101,19.4287,19.4638,0.233,19.879
2017-04-11,19.4287,19.4609,19.0748,19.1538,0.357,19.840
2017-04-12,19.1655,19.3059,18.8378,18.8671,0.747,19.793
2017-04-13,18.9022,18.9227,18.4634,18.5863,0.408,19.744
2017-04-17,18.5863,18.6632,18.3991,18.5804,0.366,19.697
2017-04-18,18.4634,18.6857,18.4166,18.6331,0.491,19.654
2017-04-19,18.7325,18.7793,18.5453,18.5746,0.304,19.607
2017-04-20,18.6448,18.7267,18.5219,18.6097,0.326,19.563
2017-04-21,18.6097,18.6740,18.5336,18.6565,0.180,19.520
2017-04-24,18.7384,18.9022,18.6331,18.7793,0.249,19.481
2017-04-25,18.7208,19.2123,18.7208,19.1713,0.492,19.444
2017-04-26,19.1873,19.2591,18.9898,18.9958,0.614,19.397
2017-04-27,18.8462,19.1873,18.7984,18.8402,0.914,19.339
2017-04-28,18.9120,18.9719,18.6787,18.7505,0.264,19.274
2017-05-01,18.8103,18.8941,18.6249,18.8642,0.477,19.234
2017-05-02,18.9061,19.0975,18.7685,18.8283,0.412,19.203
2017-05-03,18.7445,18.8761,18.6428,18.6608,0.406,19.167
2017-05-04,18.6548,18.6548,17.6497,17.7992,0.728,19.121
2017-05-05,17.7753,18.6189,17.6496,18.5291,0.454,19.093
2017-05-08,18.7744,18.8103,18.4573,18.7086,0.424,19.075
2017-05-09,18.7146,18.7146,18.4274,18.4873,0.319,19.053
2017-05-10,18.5890,18.8702,18.5770,18.8223,0.282,19.034
2017-05-11,18.7984,18.8043,18.5830,18.7804,0.414,19.009
2017-05-12,18.6667,18.9539,18.6195,18.8043,0.467,18.987
2017-05-15,19.0855,19.2271,18.8881,19.0257,0.439,18.972
2017-05-16,19.1274,19.2112,18.8761,19.0437,0.460,18.957
2017-05-17,18.9599,19.1274,18.7565,18.8761,0.417,18.933
2017-05-18,18.7984,18.9719,18.6428,18.9001,0.434,18.917
2017-05-19,18.9958,19.2770,18.8492,19.2052,0.358,18.906
2017-05-22,19.3249,19.3787,18.9120,19.0018,0.341,18.890
2017-05-23,19.0197,19.0496,18.7146,18.9898,0.347,18.874
2017-05-24,18.9898,19.1214,18.9031,19.0556,0.382,18.861
2017-05-25,19.0377,19.1752,18.6488,18.8702,0.498,18.841
2017-05-26,18.8642,18.9240,18.7026,18.8402,0.384,18.822
2017-05-30,18.7206,18.9001,18.6847,18.8043,0.474,18.818
2017-05-31,18.7565,18.8462,18.6308,18.6608,0.363,18.807
2017-06-01,18.7685,18.9300,18.6129,18.6488,0.286,18.805
2017-06-02,18.5112,18.6847,18.4454,18.4873,0.251,18.806
2017-06-05,18.3975,18.5516,18.2539,18.3736,0.366,18.805
2017-06-06,18.3317,18.5112,18.1761,18.4514,0.320,18.805
2017-06-07,18.3257,18.5770,18.0684,18.1103,0.392,18.804
2017-06-08,18.1043,18.1343,17.8231,17.8890,0.721,18.797
2017-06-09,17.9129,18.2808,17.8172,18.0146,0.389,18.785
2017-06-12,18.1642,18.4573,17.9234,18.1163,0.328,18.772
2017-06-13,18.1582,18.2779,18.0026,18.1582,0.550,18.756
2017-06-14,18.0146,18.2539,17.6976,17.7035,0.505,18.729
2017-06-15,17.6496,17.8411,17.2907,17.3325,0.401,18.693
2017-06-16,17.4522,17.8471,17.2009,17.7992,0.825,18.665
2017-06-19,17.8830,17.9189,17.5240,17.5599,0.260,18.626
2017-06-20,17.3505,17.5300,16.8479,17.0813,0.452,18.579
2017-06-21,17.0155,17.2488,16.8539,16.8659,0.315,18.527
2017-06-22,16.9317,17.2847,16.8713,17.1471,0.429,18.487
2017-06-23,17.1052,17.9847,17.1052,17.9428,0.407,18.468
2017-06-26,18.0086,18.2838,17.8531,18.2300,0.487,18.461
2017-06-27,18.2061,18.4753,17.7932,17.8411,0.505,18.446
2017-06-28,17.8411,18.2120,17.8351,18.1881,0.350,18.438
2017-06-29,18.2300,18.5710,18.2300,18.4813,0.301,18.436
2017-06-30,18.5890,19.0377,18.5232,18.9838,0.693,18.443
2017-07-03,19.1095,19.4146,18.9719,19.4026,0.503,18.458
2017-07-05,19.3368,19.4984,18.9001,19.0078,1.331,18.463
2017-07-06,19.0018,19.2351,18.5949,18.6907,0.562,18.453
2017-07-07,18.6368,18.7864,18.3078,18.6967,0.414,18.447
2017-07-10,18.6967,18.7206,18.4035,18.4992,0.424,18.440
2017-07-11,18.5650,18.5710,18.2898,18.5531,0.341,18.436
2017-07-12,18.7326,18.8043,18.5860,18.7086,0.393,18.433
2017-07-13,18.6667,18.8163,18.4753,18.5531,0.268,18.428
2017-07-14,18.5411,19.0197,18.5411,19.0197,0.385,18.435
2017-07-17,18.9300,18.9420,18.7146,18.9001,0.404,18.457
2017-07-18,18.8941,18.9120,18.4514,18.6129,0.468,18.459
2017-07-19,18.6667,18.7984,18.4514,18.5770,0.291,18.456
2017-07-20,18.5830,18.7804,18.3137,18.3437,0.381,18.453
2017-07-21,18.4633,18.5112,18.0146,18.1761,0.366,18.440
2017-07-24,18.3137,18.4244,18.0924,18.1283,0.324,18.427
2017-07-25,18.2479,18.5071,18.2479,18.4035,0.293,18.419
2017-07-26,18.5531,18.6009,18.2001,18.2300,0.321,18.403
2017-07-27,18.3054,18.4831,18.1400,18.4708,0.366,18.392
2017-07-28,18.4708,18.6485,18.3789,18.5259,0.194,18.385
2017-07-31,18.6362,18.7342,18.2564,18.5014,0.426,18.377
2017-08-01,18.4279,18.6178,18.2686,18.4402,0.436,18.361
2017-08-02,18.3360,18.5143,18.2441,18.4095,0.487,18.350
2017-08-03,18.4034,18.9058,18.0236,18.2196,0.812,18.334
2017-08-04,18.2196,18.4034,18.0848,18.2809,0.617,18.319
2017-08-07,18.4708,18.6454,18.0910,18.1277,0.533,18.304
2017-08-08,18.0542,18.0910,17.2762,17.4171,0.740,18.275
2017-08-09,17.4416,17.5151,17.0985,17.2946,1.580,18.245
2017-08-10,17.2762,17.4714,17.1353,17.2394,1.057,18.217
2017-08-11,16.9944,17.2394,16.9331,16.9699,0.822,18.183
2017-08-14,17.0863,17.1046,16.8473,16.9025,0.815,18.151
2017-08-15,16.9086,16.9908,16.5716,16.7309,0.696,18.119
2017-08-16,16.7248,16.7309,16.3082,16.3879,0.544,18.077
2017-08-17,16.3021,16.4185,16.0999,16.1183,0.378,18.037
2017-08-18,16.1122,16.2224,15.8487,16.1918,0.433,18.004
2017-08-21,16.1673,16.1790,15.7691,15.7814,0.502,17.959
2017-08-22,15.8365,16.0142,15.7507,15.8732,1.015,17.914
2017-08-23,15.7875,16.5288,15.7875,16.4614,0.918,17.880
2017-08-24,16.4246,16.5778,16.3756,16.4246,0.425,17.855
2017-08-25,16.4859,16.5962,16.3879,16.4736,0.345,17.837
2017-08-28,16.4736,16.6758,16.3205,16.3572,0.283,17.808
2017-08-29,16.2470,16.2960,16.1673,16.2163,0.350,17.782
2017-08-30,16.1183,16.2347,16.0264,16.1183,0.362,17.762
2017-08-31,16.1796,16.3756,16.1244,16.3572,0.651,17.752
2017-09-01,16.3940,16.5410,15.9958,16.2653,0.403,17.735
2017-09-05,16.2837,16.4246,16.1734,16.2408,0.351,17.701
2017-09-06,16.2898,16.5380,16.2898,16.4614,0.366,17.665
2017-09-07,16.4491,16.8718,16.4062,16.7309,0.358,17.643
2017-09-08,16.6942,16.8565,16.3817,16.4001,0.320,17.607
2017-09-11,16.4369,16.6635,16.4369,16.5594,0.219,17.569
2017-09-12,16.5962,16.7309,16.4920,16.6390,0.316,17.522
2017-09-13,16.6942,16.9454,16.6390,16.8657,0.368,17.471
2017-09-14,16.9208,17.0556,16.7616,16.9208,0.462,17.429
2017-09-15,16.8902,16.8902,16.5349,16.5839,0.755,17.387
2017-09-18,16.5900,16.7064,16.4859,16.6574,0.223,17.346
2017-09-19,16.6758,16.6847,16.2531,16.2837,0.357,17.302
2017-09-20,16.3511,16.4246,16.1183,16.1796,0.392,17.255
2017-09-21,16.1244,16.1673,15.9406,16.0142,0.225,17.201
2017-09-22,15.9835,16.0509,15.7140,15.8059,0.317,17.146
2017-09-25,15.8671,16.2653,15.8671,16.2041,0.747,17.090
2017-09-26,16.2408,16.4430,16.1122,16.2347,0.372,17.036
2017-09-27,16.2898,16.2898,15.9345,16.0570,0.495,16.985
2017-09-28,16.0815,16.1734,15.9223,16.0325,0.770,16.934
2017-09-29,16.1612,16.6635,16.0509,16.1428,1.375,16.890
2017-10-02,15.9896,16.2224,15.9406,16.0387,0.525,16.847
2017-10-03,16.0387,16.2224,15.9590,16.0203,0.481,16.805
2017-10-04,16.0203,16.1306,15.9284,16.1244,0.272,16.760
2017-10-05,16.1796,16.2653,16.0815,16.1734,0.487,16.719
2017-10-06,16.1489,16.1979,15.8732,16.1979,0.226,16.673
2017-10-09,16.2286,16.2531,16.0693,16.0815,0.196,16.624
2017-10-10,16.2347,16.2408,15.9896,16.0815,0.245,16.576
2017-10-11,16.0448,16.1979,16.0356,16.1612,0.639,16.530
2017-10-12,15.4383,15.9896,15.2484,15.4015,4.032,16.470
2017-10-13,15.6221,15.6221,14.7154,14.9421,1.084,16.405
2017-10-16,14.8385,15.0094,14.6725,14.8195,0.728,16.335
2017-10-17,14.7338,15.0339,14.7093,14.8992,0.646,16.271
2017-10-18,14.8379,14.9788,14.5193,14.6541,0.646,16.215
2017-10-19,14.4826,14.9481,14.4581,14.9237,0.480,16.168
2017-10-20,14.8195,14.9237,14.5745,14.5990,0.514,16.115
2017-10-23,14.6786,14.7644,14.3539,14.5071,0.889,16.066
2017-10-24,14.6419,14.6664,14.4029,14.4213,0.525,16.016
2017-10-25,14.4826,14.5622,13.9190,14.0568,0.683,15.963
2017-10-26,14.0415,14.4887,13.9128,14.3846,0.415,15.923
2017-10-27,14.4091,14.7521,14.3417,14.7031,0.569,15.895
2017-10-30,14.6878,14.9631,14.3665,14.5438,1.594,15.862
2017-10-31,14.5501,14.6502,14.4562,14.5751,0.699,15.837
2017-11-01,14.6940,14.9647,14.6516,14.8943,0.368,15.818
2017-11-02,14.9318,15.0132,14.2309,14.5313,0.720,15.779
2017-11-03,14.5689,15.0163,14.5626,14.6815,0.854,15.744
2017-11-06,14.6815,14.6923,14.3936,14.6064,0.679,15.707
2017-11-07,14.5251,14.8943,14.4875,14.7441,0.513,15.675
2017-11-08,14.7441,14.7942,14.4062,14.4062,0.422,15.639
2017-11-09,14.2747,14.8004,14.2372,14.3811,0.656,15.604
2017-11-10,14.3811,14.5251,14.2435,14.2435,0.307,15.562
2017-11-13,14.2184,14.5501,13.8867,13.8867,0.605,15.514
2017-11-14,13.8867,13.9305,13.3298,13.3861,1.117,15.457
2017-11-15,13.2422,13.5113,12.8854,13.4299,0.932,15.396
2017-11-16,13.4612,13.5175,13.2422,13.3360,0.448,15.328
2017-11-17,13.3611,13.6364,13.3047,13.5738,0.998,15.272
2017-11-20,13.5113,13.7178,13.2171,13.5989,0.552,15.213
2017-11-21,13.6614,13.7365,13.3235,13.3611,1.340,15.147
2017-11-22,13.4549,13.7491,13.4049,13.5738,0.458,15.081
2017-11-24,13.6740,13.7178,13.3673,13.5050,0.177,15.013
2017-11-27,13.5050,13.5864,13.1233,13.2171,0.560,14.946
2017-11-28,13.2860,13.3110,13.0356,13.0544,0.510,14.874
2017-11-29,13.0419,13.1020,12.8229,12.8291,0.923,14.804
2017-11-30,12.8604,13.6051,12.7853,13.4362,1.908,14.750
2017-12-01,13.5175,13.9806,13.4842,13.9055,1.283,14.707
2017-12-04,13.9305,14.2059,13.8617,14.0432,1.083,14.672
2017-12-05,14.0557,14.1746,13.7741,13.9744,0.919,14.628
2017-12-06,13.8617,13.8617,13.3611,13.5926,0.630,14.575
2017-12-07,13.5050,13.9869,13.4925,13.9618,0.560,14.533
2017-12-08,14.0119,14.2873,13.7929,13.8993,0.996,14.490
2017-12-11,13.9180,14.5939,13.9055,14.5814,0.898,14.459
2017-12-12,14.6064,14.9193,14.4625,14.8630,1.230,14.435
2017-12-13,14.9131,14.9757,14.6189,14.7191,1.044,14.409
2017-12-14,14.8536,14.8943,14.5313,14.5876,0.590,14.379
2017-12-15,14.4437,14.6329,14.0620,14.0870,1.585,14.337
2017-12-18,14.3561,14.6002,14.0432,14.1433,0.905,14.296
2017-12-19,14.0995,14.1619,13.8304,13.8429,0.628,14.251
2017-12-20,13.7678,13.9431,13.5738,13.7240,0.773,14.204
2017-12-21,13.7053,14.0182,13.6427,13.7616,0.844,14.156
2017-12-22,13.7584,13.8867,13.6302,13.7741,0.864,14.123
2017-12-26,13.8492,13.9869,13.7053,13.8742,0.982,14.102
2017-12-27,13.8680,13.8867,13.6302,13.6614,0.773,14.079
2017-12-28,13.7115,13.9618,13.6114,13.7866,1.150,14.057
2017-12-29,13.8054,14.0807,13.7428,13.9869,1.184,14.043
2018-01-02,14.0432,14.4562,13.9055,14.2873,0.903,14.030
2018-01-03,14.4062,15.0069,14.2873,14.8442,0.985,14.035
2018-01-04,14.9193,15.0852,14.7691,14.9882,0.530,14.045
2018-01-05,14.9757,15.0382,14.7316,14.9068,0.577,14.055
2018-01-08,14.9256,15.1571,14.8380,14.9882,0.422,14.073
2018-01-09,15.0445,15.1196,14.8943,15.0946,0.310,14.088
2018-01-10,15.0946,15.2886,15.0445,15.1884,0.550,14.097
2018-01-11,15.2760,15.9269,15.2197,15.8142,1.218,14.123
2018-01-12,15.8580,15.9582,15.5639,15.8706,1.117,14.149
2018-01-16,15.9769,16.1897,15.6202,15.6891,0.749,14.164
2018-01-17,15.7016,15.7829,15.4763,15.5639,0.425,14.185
2018-01-18,15.5201,15.5639,15.0382,15.1258,0.768,14.194
2018-01-19,15.1008,15.1822,14.9193,15.0132,0.698,14.202
2018-01-22,15.0507,15.6021,14.9256,15.4763,0.695,14.217
2018-01-23,15.5201,15.8142,15.2291,15.6891,0.787,14.242
2018-01-24,15.7141,15.7892,15.4137,15.4262,0.624,14.263
2018-01-25,15.5514,15.7078,15.4394,15.6703,0.553,14.292
2018-01-26,15.7704,15.8393,15.5952,15.7892,0.425,14.330
2018-01-29,15.7141,15.7635,14.9757,14.9882,0.716,14.362
2018-01-30,14.8463,14.8885,14.4497,14.7504,0.571,14.388
2018-01-31,14.7120,14.7919,14.5578,14.7312,0.883,14.416
2018-02-01,14.7504,14.9998,14.7184,14.8335,0.545,14.441
2018-02-02,14.6288,14.6992,14.4009,14.4305,0.748,14.458
2018-02-05,14.1811,14.5649,13.7717,14.0787,0.769,14.472
2018-02-06,13.7589,14.3282,13.7525,14.2258,0.595,14.486
2018-02-07,14.1555,14.3990,13.9572,14.0915,0.646,14.497
2018-02-08,14.1491,14.1811,13.5030,13.5094,0.748,14.503
2018-02-09,13.7013,13.7717,12.6992,13.1384,0.894,14.505
2018-02-12,13.3367,13.6630,13.1512,13.4966,0.525,14.518
2018-02-13,13.4263,13.7781,13.3559,13.6630,0.679,14.523
2018-02-14,13.5158,13.7909,13.3751,13.7269,0.782,14.519
2018-02-15,13.8421,13.9316,13.3047,13.5606,0.924,14.509
2018-02-16,13.4391,13.6246,13.1129,13.4327,0.957,14.499
2018-02-20,13.4199,13.7781,13.4199,13.5478,0.423,14.498
2018-02-21,13.5350,13.5542,13.1832,13.1960,0.422,14.482
2018-02-22,13.3111,13.3751,12.5691,12.6011,0.895,14.456
2018-02-23,12.6459,12.7924,12.3133,12.5244,0.966,14.415
2018-02-26,12.9977,13.2536,12.6459,13.1832,1.683,14.382
2018-02-27,13.2472,13.4327,13.1384,13.1896,1.012,14.351
2018-02-28,13.2728,13.3559,12.7674,12.7674,1.010,14.315
2018-03-01,12.8122,13.2376,12.7546,13.0425,0.904,14.294
2018-03-02,12.9593,13.0521,12.6139,12.6843,1.362,14.265
2018-03-05,12.6907,13.3623,12.6843,13.1192,0.924,14.250
2018-03-06,13.1832,13.1832,12.9657,13.1512,0.522,14.239
2018-03-07,13.1256,13.3617,12.9529,13.1129,0.531,14.226
2018-03-08,13.1320,13.1448,12.8890,13.0169,0.556,14.211
2018-03-09,13.0809,13.2855,12.9369,13.2152,0.533,14.197
2018-03-12,13.2728,13.6566,13.2088,13.5798,0.486,14.196
2018-03-13,13.6566,13.7332,13.4647,13.6246,0.367,14.193
2018-03-14,13.7013,13.7103,13.1129,13.2024,0.563,14.177
2018-03-15,13.2216,13.3815,12.0510,12.7419,1.578,14.146
2018-03-16,12.8570,13.4071,12.8250,13.1896,1.409,14.113
2018-03-19,13.1768,13.1960,12.4284,12.5947,0.894,14.065
2018-03-20,12.6331,12.7674,12.1662,12.2493,0.905,14.012
2018-03-21,12.2813,12.5308,12.2557,12.4604,0.560,13.961
2018-03-22,12.3581,12.5372,12.0958,12.1406,0.627,13.902
2018-03-23,12.1726,12.3325,12.1214,12.1534,0.504,13.841
2018-03-26,12.2429,12.2941,12.0638,12.2237,0.452,13.770
2018-03-27,12.3197,12.3773,11.8335,12.0127,0.651,13.693
2018-03-28,11.9551,12.3197,11.7824,12.2237,0.576,13.623
2018-03-29,12.2941,12.6523,12.2301,12.6075,0.471,13.564
2018-04-02,12.6075,13.0425,12.5052,12.8378,0.601,13.518
2018-04-03,12.9529,12.9529,12.6203,12.7994,0.689,13.474
2018-04-04,12.5628,12.8634,12.4796,12.7483,0.416,13.419
2018-04-05,12.7546,13.0361,12.6715,12.9721,0.395,13.365
2018-04-06,12.8378,13.1001,12.6395,12.7610,0.444,13.312
2018-04-09,12.8954,12.9858,12.6715,12.8378,0.521,13.255
2018-04-10,13.0169,13.2088,12.8826,13.1256,0.701,13.202
2018-04-11,13.1001,13.7013,13.0106,13.5670,0.920,13.173
2018-04-12,13.5798,13.6757,13.2834,13.3111,0.510,13.145
2018-04-13,13.3623,13.5030,13.1704,13.4711,0.319,13.119
2018-04-16,13.5030,14.2642,13.4199,14.1171,0.694,13.105
2018-04-17,14.1619,14.3602,14.0084,14.1043,0.566,13.099
2018-04-18,14.2322,14.2450,13.7397,13.8357,0.647,13.094
2018-04-19,13.8357,14.0339,13.5030,13.5542,0.527,13.080
2018-04-20,13.7013,13.7461,13.4647,13.5862,0.352,13.070
2018-04-23,13.5670,14.0020,13.3566,13.9252,0.652,13.079
2018-04-24,13.9252,14.0084,13.4966,13.5414,0.504,13.087
2018-04-25,13.4902,13.8996,13.3047,13.8868,0.392,13.094
2018-04-26,13.9508,14.2514,13.8421,13.8612,0.562,13.098
2018-04-27,13.8165,13.9444,13.5990,13.7269,1.059,13.098
2018-04-30,13.8448,14.0283,13.5694,13.7333,0.595,13.102
2018-05-01,13.7268,13.7628,13.3990,13.5170,0.466,13.104
2018-05-02,13.4449,13.8513,13.4449,13.5170,0.632,13.103
2018-05-03,13.4777,13.6284,13.1106,13.3138,0.638,13.105
2018-05-04,13.0778,13.7333,12.8746,13.6874,0.844,13.127
2018-05-07,13.7923,13.9890,13.6350,13.6481,0.421,13.149
2018-05-08,13.8251,13.8251,13.3814,13.7202,0.464,13.160
2018-05-09,13.9103,14.0349,13.6547,13.7071,0.517,13.171
2018-05-10,13.7268,13.8972,13.6383,13.8579,0.435,13.192
2018-05-11,13.9234,14.1397,13.6874,13.8316,0.542,13.208
2018-05-14,13.7989,14.2971,13.7923,14.2315,0.461,13.239
2018-05-15,14.2643,14.3364,14.0086,14.1266,0.841,13.259
2018-05-16,14.1791,14.4216,14.1332,14.3954,0.367,13.284
2018-05-17,14.4216,14.6773,14.4151,14.5593,0.548,13.313
2018-05-18,14.5855,14.6576,14.4839,14.5855,0.240,13.344
2018-05-21,14.6773,14.8477,14.6183,14.7690,0.419,13.376
2018-05-22,14.8674,14.8805,14.6707,14.7428,0.296,13.399
2018-05-23,14.6838,14.7297,14.4020,14.5593,0.434,13.417
2018-05-24,14.4675,14.4675,13.9365,14.0873,0.436,13.435
2018-05-25,13.9103,14.1987,13.7716,14.0086,0.405,13.460
2018-05-29,13.9103,14.2315,13.9103,14.0480,0.392,13.478
2018-05-30,14.1004,14.5331,14.0873,14.5068,0.326,13.516
2018-05-31,14.4216,14.6576,14.3888,14.3954,0.729,13.559
2018-06-01,14.4544,14.7101,14.4216,14.6969,0.608,13.604
2018-06-04,14.6969,14.9854,14.5921,14.9592,0.652,13.660
2018-06-05,14.9395,15.0968,14.8870,15.0181,0.399,13.717
2018-06-06,15.0313,15.2214,14.9788,15.0837,0.424,13.774
2018-06-07,15.1493,15.4705,15.0707,15.3459,0.627,13.841
2018-06-08,15.3066,15.5360,15.2279,15.3787,0.773,13.904
2018-06-11,15.3721,15.5557,15.2214,15.5557,0.363,13.963
2018-06-12,15.5885,15.6343,15.4279,15.5295,0.369,14.017
2018-06-13,15.5491,15.5491,15.1099,15.1558,0.346,14.064
2018-06-14,15.1886,15.4770,15.1427,15.1558,0.374,14.112
2018-06-15,15.0771,15.1329,14.5527,14.5921,0.881,14.145
2018-06-18,14.5331,14.8479,14.5331,14.8084,0.328,14.186
2018-06-19,14.6314,14.9329,14.6314,14.8215,0.320,14.225
2018-06-20,14.9198,15.0313,14.8677,14.9788,0.252,14.262
2018-06-21,14.9198,14.9723,14.4020,14.6379,0.435,14.284
2018-06-22,14.9395,15.1493,14.8084,14.9329,0.525,14.316
2018-06-25,14.9264,14.9264,14.3757,14.4347,0.259,14.335
2018-06-26,14.4741,14.8215,14.3954,14.7756,0.263,14.349
2018-06-27,14.8149,14.9002,14.5068,14.5658,0.661,14.358
2018-06-28,14.5593,14.5688,14.1463,14.4216,0.308,14.370
2018-06-29,14.5134,14.5134,14.2643,14.3626,0.415,14.386
2018-07-02,14.2774,14.3823,14.1266,14.2053,0.425,14.398
2018-07-03,14.3298,14.3495,14.0467,14.1725,0.594,14.403
2018-07-05,14.2446,14.5462,14.1660,14.4675,0.511,14.422
2018-07-06,14.4282,14.7330,14.4282,14.6642,0.425,14.437
2018-07-09,14.7035,15.1558,14.6183,15.1034,0.526,14.462
2018-07-10,15.1099,15.2935,15.0116,15.0313,0.521,14.488
2018-07-11,14.9133,15.0313,14.7953,14.8215,0.403,14.510
2018-07-12,14.8936,15.0313,14.7363,14.9657,0.305,14.539
2018-07-13,14.9592,15.0903,14.8707,15.0181,0.385,14.569
2018-07-16,14.9460,15.0181,14.7363,14.9067,0.470,14.601
2018-07-17,14.9067,15.0083,14.4937,14.6117,0.768,14.619
2018-07-18,14.5855,15.0509,14.5593,14.7756,1.373,14.642
2018-07-19,14.9985,15.3262,14.9329,15.0444,1.174,14.668
2018-07-20,15.0444,15.1689,14.6117,14.7166,0.643,14.688
2018-07-23,14.7494,15.0903,14.7166,15.0837,0.884,14.713
2018-07-24,15.1361,15.2410,14.7625,14.7887,0.822,14.732
2018-07-25,14.7887,15.2148,14.6379,15.1820,0.702,14.751
2018-07-26,15.1493,15.3918,14.9526,15.2672,0.610,14.774
2018-07-27,15.2607,15.3262,14.7690,14.8215,0.745,14.782
2018-07-30,14.8897,15.3927,14.8561,15.3525,0.477,14.798
2018-07-31,15.2854,15.4531,15.2406,15.4195,0.262,14.815
2018-08-01,15.3860,15.5671,15.2324,15.4598,0.319,14.829
2018-08-02,15.4531,16.0232,15.4195,15.9159,0.520,14.852
2018-08-03,15.9293,16.0098,15.7415,15.9024,0.424,14.879
2018-08-06,15.8555,16.0433,15.7381,16.0299,0.479,14.918
2018-08-07,16.0634,16.4658,16.0634,16.4256,0.968,14.966
2018-08-08,15.7549,16.2244,15.1043,15.4397,2.923,14.994
2018-08-09,15.5000,15.8421,15.4296,15.5000,0.946,15.014
2018-08-10,15.4330,15.9494,15.4330,15.6610,3.475,15.039
2018-08-13,15.6342,15.6610,15.3055,15.4464,0.590,15.054
2018-08-14,15.5269,15.6811,15.4732,15.5269,0.348,15.066
2018-08-15,15.4531,15.6073,15.1714,15.4464,0.761,15.074
2018-08-16,15.4866,15.7750,15.3592,15.4397,0.319,15.081
2018-08-17,15.4866,15.9729,15.3994,15.9226,0.406,15.093
2018-08-20,15.9293,16.1506,15.9226,16.0366,0.690,15.106
2018-08-21,16.0970,16.2497,15.9829,16.1104,0.335,15.117
2018-08-22,16.1372,16.3921,16.0768,16.3250,0.666,15.133
2018-08-23,16.3250,16.4323,16.1573,16.3585,0.462,15.157
2018-08-24,16.3652,16.5463,16.1439,16.4994,1.259,15.184
2018-08-27,16.4994,16.7006,16.2738,16.6134,0.630,15.224
2018-08-28,16.6268,16.6738,16.2177,16.2646,0.873,15.254
2018-08-29,16.3451,16.3451,16.1372,16.1640,0.318,15.280
2018-08-30,16.1841,16.3988,15.9829,16.2982,0.475,15.307
2018-08-31,16.3049,16.3384,15.9092,16.0500,0.571,15.335
2018-09-04,15.8957,16.1271,15.8018,16.0970,0.693,15.358
2018-09-05,16.0366,16.3317,15.7683,16.3049,0.961,15.396
2018-09-06,16.2847,16.3854,15.8488,15.9427,0.845,15.419
2018-09-07,15.8957,16.0299,15.7348,16.0232,0.674,15.448
2018-09-10,16.0433,16.3719,16.0433,16.3652,0.580,15.487
2018-09-11,16.3451,16.6738,16.3049,16.6134,0.500,15.532
2018-09-12,16.6402,17.1164,16.6402,16.9219,0.984,15.586
2018-09-13,16.9487,17.0225,16.6536,16.8548,0.531,15.640
2018-09-14,16.8616,17.0259,16.5396,16.7677,1.037,15.686
2018-09-17,16.8012,16.8817,16.3183,16.3921,0.515,15.721
2018-09-18,16.4457,16.4457,16.2948,16.3585,0.605,15.746
2018-09-19,16.3518,16.3954,16.1976,16.1976,0.430,15.769
2018-09-20,16.2244,16.2646,15.9896,16.2043,0.500,15.797
2018-09-21,16.2512,16.3116,16.1841,16.2378,0.953,15.822
2018-09-24,16.3049,16.4323,15.9494,15.9896,0.463,15.842
2018-09-25,16.0433,16.0738,15.8555,15.9427,0.392,15.862
2018-09-26,15.9226,16.1171,15.7817,15.9561,0.556,15.889
2018-09-27,15.9360,16.1137,15.7214,16.0768,0.440,15.915
2018-09-28,16.0366,16.3451,15.8085,15.9494,0.632,15.933
2018-10-01,16.0031,16.4390,15.9762,16.3317,0.639,15.966
2018-10-02,16.3585,16.3585,16.0366,16.2043,0.780,15.988
2018-10-03,16.2311,16.8213,16.2311,16.7811,0.798,16.028
2018-10-04,16.7677,16.8213,16.6067,16.6536,0.432,16.057
2018-10-05,16.6872,16.9420,16.5597,16.7945,0.217,16.088
2018-10-08,16.7207,16.8783,16.5128,16.5799,0.742,16.123
2018-10-09,16.5732,16.9021,16.5213,16.7408,0.391,16.151
2018-10-10,16.7073,16.9219,16.5262,16.6201,0.447,16.175
2018-10-11,16.4994,16.6872,16.2043,16.3116,0.613,16.192
2018-10-12,16.4927,16.5664,16.0902,16.3786,0.666,16.201
2018-10-15,16.3652,16.6268,16.2780,16.3183,0.285,16.209
2018-10-16,16.3786,17.0225,16.3652,16.8750,0.437,16.226
2018-10-17,16.8012,16.8750,16.5329,16.6805,0.685,16.231
2018-10-18,16.5732,17.0359,16.5397,16.6000,0.773,16.255
2018-10-19,16.6134,16.8616,16.4860,16.4927,0.452,16.274
2018-10-22,16.5262,16.6603,16.2378,16.2646,0.398,16.287
2018-10-23,16.0366,16.0601,15.6811,15.9092,0.588,16.296
2018-10-24,15.9695,16.0232,15.6006,15.6006,0.470,16.297
2018-10-25,15.7415,15.8756,15.6342,15.6677,0.560,16.302
2018-10-26,15.4933,15.5438,15.1513,15.2317,0.485,16.297
2018-10-29,15.3256,15.5269,14.6784,14.8763,0.561,16.277
2018-10-30,14.7812,15.0906,14.5612,14.8293,0.453,16.252
2018-10-31,14.9256,15.3381,14.9118,15.2006,0.393,16.234
2018-11-01,15.3312,15.8124,15.0356,15.1868,0.963,16.211
2018-11-02,15.4687,15.4962,15.1078,15.2968,0.605,16.190
2018-11-05,15.3518,15.8743,15.2831,15.7918,0.494,16.176
2018-11-06,15.7712,16.0531,15.7506,15.8812,0.494,16.161
2018-11-07,16.0599,16.4724,15.9156,16.3693,0.640,16.164
2018-11-08,16.3762,16.7749,16.1699,16.3556,0.598,16.167
2018-11-09,16.0393,16.0531,15.7024,15.8674,0.526,16.159
2018-11-12,15.8743,16.1287,15.7781,15.8331,0.361,16.154
2018-11-13,15.8743,16.1149,15.4687,15.5099,0.413,16.143
2018-11-14,15.7574,15.8949,15.3106,15.6131,0.557,16.129
2018-11-15,15.5443,15.9774,15.5443,15.8674,0.277,16.127
2018-11-16,15.9018,16.1081,15.7299,15.7918,0.261,16.123
2018-11-19,15.6612,16.1493,15.6612,15.6681,0.696,16.109
2018-11-20,15.4962,15.4962,14.5956,14.9806,0.977,16.076
2018-11-21,15.0974,15.7368,15.0974,15.5031,0.324,16.048
2018-11-23,15.0768,15.3587,14.9187,15.1112,0.184,16.013
2018-11-26,15.3174,15.5306,15.0699,15.1524,0.256,15.981
2018-11-27,15.0699,15.2418,14.8396,15.0149,0.433,15.953
2018-11-28,15.0631,15.3518,14.6609,15.3381,0.423,15.933
2018-11-29,15.3931,15.6956,15.2212,15.5237,0.362,15.919
2018-11-30,15.4618,15.5718,14.9599,15.1593,0.598,15.898
2018-12-03,15.3999,15.7849,15.3106,15.7781,0.588,15.889
2018-12-04,15.7781,15.9499,15.4962,15.5168,0.572,15.880
2018-12-06,15.2624,15.5099,14.8761,15.4618,0.408,15.870
2018-12-07,15.6818,16.0049,15.2762,15.3312,0.698,15.857
2018-12-10,15.1868,15.2831,14.7537,14.7812,0.691,15.832
2018-12-11,14.9324,15.1181,14.5990,14.7674,0.884,15.808
2018-12-12,14.9531,15.0906,14.4787,14.6093,0.933,15.773
2018-12-13,14.5681,15.1868,14.5681,14.9256,1.225,15.748
2018-12-14,14.8156,15.2693,14.6093,14.7262,1.915,15.707
2018-12-17,14.6918,14.9049,13.9012,14.0249,0.885,15.654
2018-12-18,14.0249,14.1624,13.5437,13.6399,1.049,15.591
2018-12-19,13.6949,14.3206,13.6331,13.8943,2.293,15.537
2018-12-20,13.7981,13.9149,13.0418,13.2068,1.223,15.467
2018-12-21,13.1931,13.4543,12.8699,13.0624,2.093,15.396
2018-12-24,12.9249,12.9696,12.1756,12.2306,0.632,15.314
2018-12-26,12.3887,13.0762,12.2375,13.0762,1.342,15.248
2018-12-27,12.8906,12.9662,12.2925,12.8149,0.974,15.178
2018-12-28,12.8562,12.9868,12.3131,12.4368,0.918,15.089
2018-12-31,12.5193,12.7186,12.0656,12.6981,0.849,15.009
2019-01-02,12.5468,13.0487,12.3750,12.9181,0.385,14.936
2019-01-03,12.9387,13.2687,12.8493,12.9731,0.719,14.865
2019-01-04,13.0762,13.9287,13.0487,13.7018,0.710,14.814
2019-01-07,13.8049,14.4718,13.6296,14.0456,0.567,14.777
2019-01-08,14.2656,14.6299,14.2446,14.4787,0.469,14.754
2019-01-09,14.7331,15.1043,14.4512,15.0287,0.725,14.742
2019-01-10,14.8774,15.0146,14.3343,14.6024,0.610,14.729
2019-01-11,14.5337,14.5749,14.2381,14.4924,0.506,14.721
2019-01-14,14.3618,14.5908,14.1418,14.1831,0.533,14.708
2019-01-15,14.2312,14.6024,14.2312,14.4374,0.593,14.693
2019-01-16,14.4237,14.6849,14.4237,14.4924,0.530,14.679
2019-01-17,14.4718,14.6506,14.2999,14.4512,0.623,14.662
2019-01-18,14.5818,14.6243,14.3549,14.5199,0.418,14.637
2019-01-22,14.4443,14.7262,14.0662,14.5406,1.038,14.610
2019-01-23,14.6231,14.7743,14.2862,14.3274,1.799,14.569
2019-01-24,14.2793,14.6024,14.1895,14.4512,0.451,14.531
2019-01-25,14.5612,14.8293,14.4374,14.7812,0.863,14.509
2019-01-28,14.6093,14.8224,14.4649,14.7881,0.608,14.489
2019-01-29,14.8843,14.9393,14.6918,14.8087,0.605,14.475
2019-01-30,14.9914,15.0267,14.6810,14.8362,0.519,14.459
2019-01-31,14.8362,15.0196,14.4059,14.7586,0.684,14.437
2019-02-01,14.7656,14.9420,14.5893,14.9208,0.459,14.419
2019-02-04,14.8715,15.0337,14.6739,14.9208,0.886,14.404
2019-02-05,14.8432,15.0126,14.8080,14.8644,0.378,14.402
2019-02-06,14.8644,14.8820,14.5716,14.6880,0.350,14.386
2019-02-07,14.5963,14.7551,14.2013,14.2718,0.457,14.369
2019-02-08,14.2295,14.3635,13.9755,14.0743,0.445,14.348
2019-02-11,14.0108,14.1801,13.9967,14.1095,0.505,14.329
2019-02-12,14.3353,14.6669,14.2436,14.6457,0.713,14.316
2019-02-13,14.7163,14.9067,14.6739,14.7939,0.880,14.301
2019-02-14,14.8150,15.0902,14.7092,15.0831,0.716,14.299
2019-02-15,15.1395,15.5699,15.0196,15.4852,0.583,14.294
2019-02-19,15.4852,15.8874,15.2454,15.8732,0.594,14.301
2019-02-20,15.8591,16.1413,15.2736,15.3441,0.925,14.298
2019-02-21,15.3441,15.4288,14.9985,15.3371,0.791,14.298
2019-02-22,15.4358,15.5487,15.2030,15.5276,0.400,14.313
2019-02-25,15.5276,15.9367,15.4076,15.8732,0.463,14.336
2019-02-26,15.8239,15.8380,15.5981,15.6052,0.367,14.355
2019-02-27,15.7180,15.7180,15.2595,15.3582,0.486,14.364
2019-02-28,15.4217,15.4217,14.8432,15.2030,1.367,14.374
2019-03-01,15.2313,15.5346,14.9808,15.1819,0.693,14.397
2019-03-04,15.2736,15.3512,14.9420,15.3159,0.551,14.430
2019-03-05,15.3512,15.3935,15.0902,15.2524,0.334,14.457
2019-03-06,15.1325,15.1748,14.9985,15.1325,0.391,14.496
2019-03-07,15.0972,15.5911,15.0196,15.2595,0.617,14.540
2019-03-08,15.0831,15.5558,14.9491,15.4641,0.449,14.605
2019-03-11,15.5769,16.0496,15.5417,15.9579,1.639,14.662
2019-03-12,15.9579,16.0073,15.7674,15.9932,0.327,14.726
2019-03-13,16.0919,16.1343,15.9226,15.9720,0.329,14.796
2019-03-14,16.0073,16.0143,15.8027,15.9156,0.263,14.861
2019-03-15,15.7886,15.9579,15.5135,15.9579,1.264,14.922
2019-03-18,15.9579,16.2683,15.8944,16.2048,0.523,14.986
2019-03-19,16.2401,16.5576,16.1202,16.4235,0.489,15.041
2019-03-20,16.3882,16.8327,16.2965,16.6281,0.369,15.092
2019-03-21,16.6069,16.9597,16.4376,16.8468,0.426,15.140
2019-03-22,16.7198,16.8468,16.3036,16.3318,0.384,15.166
2019-03-25,16.2401,16.3812,15.9156,16.3459,0.500,15.201
2019-03-26,16.5364,16.5434,16.1978,16.3106,0.271,15.237
2019-03-27,16.2542,16.3671,16.1484,16.3389,0.244,15.280
2019-03-28,16.2613,16.6422,16.2613,16.2754,0.436,15.317
2019-03-29,16.4376,16.5646,16.3177,16.4376,0.342,15.356
2019-04-01,16.6069,16.8750,16.4024,16.4941,0.583,15.397
2019-04-02,16.4870,16.8115,16.3883,16.4800,0.600,15.436
2019-04-03,16.5011,16.5928,16.3318,16.4024,0.288,15.473
2019-04-04,16.4235,16.5011,16.2613,16.3177,0.253,15.513
2019-04-05,16.3671,16.5117,16.2754,16.3600,0.295,15.551
2019-04-08,16.3389,16.5293,16.3318,16.3600,0.234,15.583
2019-04-09,16.3389,16.3389,16.0143,16.1131,0.419,15.609
2019-04-10,16.0990,16.2147,15.9297,16.0426,0.413,15.634
2019-04-11,16.0496,16.1131,15.9544,16.0849,0.399,15.659
2019-04-12,16.2189,16.5717,16.1907,16.3741,0.619,15.691
2019-04-15,16.4094,16.5505,16.2260,16.3953,0.222,15.721
2019-04-16,16.4447,16.4729,16.1343,16.2119,0.316,15.746
2019-04-17,16.2330,16.3530,16.0496,16.0849,0.261,15.771
2019-04-18,16.0496,16.1449,15.9015,16.0778,0.283,15.799
2019-04-22,16.1837,16.5646,16.0284,16.5152,0.382,15.843
2019-04-23,16.5082,16.7127,16.3036,16.3177,0.530,15.888
2019-04-24,16.3459,16.4447,16.1413,16.1695,0.404,15.930
2019-04-25,16.1202,16.2189,15.9156,16.0567,0.327,15.958
2019-04-26,16.0355,16.1907,15.9438,16.0849,0.297,15.984
2019-04-29,16.0919,16.1964,15.8697,16.1695,0.271,16.005
2019-04-30,16.3247,16.4331,15.9415,16.0355,0.346,16.016
2019-05-01,16.0138,16.1295,15.8258,15.8620,0.286,16.016
2019-05-02,15.5800,15.7825,14.9727,15.5583,0.621,16.020
2019-05-03,15.7752,15.7752,15.4427,15.6812,0.373,16.027
2019-05-06,15.4860,15.6596,15.3921,15.6017,0.304,16.029
2019-05-07,15.4210,15.5873,15.1173,15.3415,0.935,16.018
2019-05-08,15.3270,15.4282,15.1513,15.3270,0.342,16.013
2019-05-09,15.2547,15.5150,15.0523,15.3776,0.322,16.013
2019-05-10,15.4716,15.9198,15.2619,15.8114,0.465,16.025
2019-05-13,15.6740,15.7029,15.2764,15.4860,0.343,16.031
2019-05-14,15.5873,15.9054,15.5439,15.6885,0.367,16.039
2019-05-15,15.6162,15.8548,15.5668,15.7897,0.324,16.049
2019-05-16,15.8981,16.0210,15.7319,15.7680,0.307,16.062
2019-05-17,15.7246,15.8620,15.5656,15.6812,0.652,16.071
2019-05-20,15.6523,15.9415,15.6523,15.8620,0.487,16.078
2019-05-21,15.9487,16.3681,15.8764,16.3464,0.408,16.086
2019-05-22,16.2524,16.5307,16.1150,16.4837,0.579,16.096
2019-05-23,16.2018,16.5705,16.1223,16.4693,1.114,16.106
2019-05-24,16.4982,16.6573,16.2379,16.5199,0.589,16.118
2019-05-28,16.5344,16.5344,16.2885,16.3464,1.063,16.126
2019-05-29,16.1873,16.2452,15.8258,16.0717,0.482,16.123
2019-05-30,16.0861,16.0861,15.7102,16.0066,0.662,16.115
2019-05-31,15.8475,16.1367,15.7752,15.7752,1.053,16.098
2019-06-03,15.8403,15.9560,15.6017,15.8114,0.341,16.077
2019-06-04,15.9126,15.9343,15.6668,15.8620,0.380,16.068
2019-06-05,15.9054,15.9054,15.6090,15.6957,1.005,16.055
2019-06-06,15.6740,15.8620,15.6379,15.6596,0.874,16.042
2019-06-07,15.7102,15.9343,15.6451,15.7897,0.686,16.031
2019-06-10,15.8692,16.0355,15.7969,15.8475,0.615,16.022
2019-06-11,15.9126,16.0717,15.8403,15.9198,0.343,16.012
2019-06-12,15.8909,15.8981,15.7535,15.7969,0.495,15.998
2019-06-13,15.9343,16.1439,15.9198,16.0283,0.767,15.989
2019-06-14,16.0572,16.0572,15.8620,15.9704,0.666,15.980
2019-06-17,15.9777,16.0427,15.8331,15.9777,0.332,15.973
2019-06-18,15.9704,16.0861,15.8764,15.9921,0.475,15.966
2019-06-19,16.0066,16.0500,15.8692,15.9777,0.782,15.958
2019-06-20,16.2018,16.2307,15.9849,16.0500,0.558,15.957
2019-06-21,16.0210,16.0355,15.8620,15.8620,1.093,15.953
2019-06-24,15.8548,15.9126,15.7825,15.8692,0.517,15.949
2019-06-25,15.8548,15.8548,15.4427,15.6017,0.486,15.934
2019-06-26,15.6017,15.7861,15.5150,15.7680,0.678,15.921
2019-06-27,15.8258,15.8423,15.5873,15.7174,0.430,15.911
2019-06-28,15.7608,15.9054,15.7029,15.8331,0.609,15.906
2019-07-01,15.9343,16.0861,15.7246,15.8042,0.665,15.901
2019-07-02,15.7897,15.8837,15.5873,15.6090,0.199,15.883
2019-07-03,15.6451,15.7825,15.6306,15.7174,0.153,15.871
2019-07-05,15.6234,15.9054,15.6234,15.7969,0.844,15.863
2019-07-08,15.7680,15.8403,15.6306,15.7463,0.629,15.857
2019-07-09,15.6885,15.9271,15.5692,15.8620,1.016,15.853
2019-07-10,15.9054,16.4404,15.9054,16.3681,0.692,15.856
2019-07-11,16.4187,16.7151,16.3898,16.5777,0.726,15.867
2019-07-12,16.5922,16.6934,16.4548,16.6356,0.251,15.883
2019-07-15,16.6573,16.6645,16.4548,16.4693,0.208,15.901
2019-07-16,16.4404,16.6139,16.3608,16.4837,0.374,15.917
2019-07-17,16.5271,16.8163,16.3608,16.6428,0.336,15.938
2019-07-18,16.6283,16.7223,16.5054,16.6789,0.637,15.965
2019-07-19,16.7440,16.7721,16.5994,16.6789,0.222,15.992
2019-07-22,16.6862,17.0621,16.6862,17.0187,0.423,16.025
2019-07-23,17.0404,17.1995,16.9537,17.0766,0.300,16.050
2019-07-24,17.0621,17.2236,17.0115,17.0838,0.320,16.082
2019-07-25,17.1344,17.1778,16.8814,16.9392,0.512,16.107
2019-07-26,16.9826,17.0910,16.8091,16.9971,0.618,16.131
2019-07-29,17.0115,17.2356,16.6934,17.0838,2.167,16.157
2019-07-30,17.0272,17.3307,16.5978,16.9754,0.601,16.183
2019-07-31,16.9680,17.1827,16.7755,16.9161,0.314,16.204
2019-08-01,16.8717,16.9902,16.4349,16.5016,0.555,16.207
2019-08-02,16.4720,16.7533,16.3387,16.4423,0.523,16.206
2019-08-05,16.3091,16.3091,15.7242,16.0352,0.577,16.198
2019-08-06,16.2351,16.2351,15.3023,15.4429,0.646,16.176
2019-08-07,15.2282,15.2513,14.7396,15.0209,0.805,16.150
2019-08-08,15.0876,15.3023,14.7618,15.3023,0.737,16.134
2019-08-09,15.2875,15.3941,14.9469,14.9543,0.288,16.113
2019-08-12,14.9765,14.9765,14.7248,14.8359,0.302,16.095
2019-08-13,14.7766,15.3245,14.7248,15.0432,0.408,16.079
2019-08-14,15.0061,15.0061,14.7640,14.8655,0.573,16.059
2019-08-15,14.8507,15.0654,14.7692,14.9099,0.474,16.044
2019-08-16,14.8877,15.4873,14.8877,15.3541,0.304,16.037
2019-08-19,15.4799,15.8279,15.4799,15.6206,0.404,16.034
2019-08-20,15.5688,15.8575,15.5688,15.7835,0.377,16.033
2019-08-21,15.9167,16.0722,15.5688,15.6872,0.424,16.028
2019-08-22,15.6872,15.7390,15.2430,15.2504,0.421,16.017
2019-08-23,15.1172,15.1361,14.6656,14.7840,0.858,15.992
2019-08-26,14.7988,14.9913,14.6360,14.6730,0.346,15.966
2019-08-27,14.7396,14.7396,14.5323,14.5842,0.244,15.938
2019-08-28,14.6582,14.9469,14.5842,14.8507,0.418,15.916
2019-08-29,14.9321,15.3837,14.9321,15.3837,0.360,15.904
2019-08-30,15.4503,15.5540,15.1690,15.3541,0.325,15.890
2019-09-03,15.1764,15.3541,15.0876,15.2949,0.232,15.879
2019-09-04,15.4133,15.5318,15.2875,15.4355,0.492,15.870
2019-09-05,15.5095,15.5614,15.3763,15.4873,0.156,15.868
2019-09-06,15.4133,15.4873,15.2504,15.3985,0.285,15.860
2019-09-09,15.4355,15.9167,15.4355,15.7687,0.235,15.861
2019-09-10,15.7613,15.9389,15.7394,15.8131,0.204,15.861
2019-09-11,15.9019,16.1092,15.7464,15.9389,0.291,15.863
2019-09-12,15.8501,15.9611,15.5244,15.6206,0.275,15.864
2019-09-13,15.7242,16.5978,15.7242,16.5238,1.084,15.880
2019-09-16,16.8939,17.3899,16.7422,17.0124,1.103,15.904
2019-09-17,17.0494,17.1753,16.7089,16.7755,0.936,15.925
2019-09-18,16.7311,17.5084,16.6570,17.1308,0.978,15.950
2019-09-19,17.1753,17.3825,16.7793,16.8569,1.203,15.960
2019-09-20,16.9235,16.9828,16.4534,16.5016,5.580,15.958
2019-09-23,16.4646,16.4646,15.9537,16.1240,0.580,15.948
2019-09-24,16.1684,16.1684,15.7613,16.0944,0.680,15.941
2019-09-25,15.9759,16.2647,15.9759,16.0944,1.226,15.933
2019-09-26,16.1018,16.1086,15.5392,15.7909,1.294,15.916
2019-09-27,15.7687,15.9241,15.6280,15.7835,0.359,15.898
2019-09-30,15.7094,15.9759,15.7094,15.8945,0.512,15.882
2019-10-01,15.9167,16.1166,15.7316,16.0130,0.422,15.862
2019-10-02,15.9241,16.0574,15.6798,15.9982,0.558,15.841
2019-10-03,15.9759,16.3387,15.8871,16.2795,0.400,15.824
2019-10-04,16.3831,16.4349,16.1462,16.3535,0.299,15.813
2019-10-07,16.3165,16.4942,16.1388,16.3091,0.451,15.799
2019-10-08,16.2202,16.4349,16.1314,16.3609,0.434,15.785
2019-10-09,16.5312,16.6126,16.2647,16.2721,0.262,15.770
2019-10-10,16.2647,16.5090,15.9574,15.9685,0.540,15.751
2019-10-11,16.0796,16.1980,15.9833,16.0574,0.555,15.743
2019-10-14,15.9759,16.0796,15.6502,15.8131,0.598,15.730
2019-10-15,15.7390,16.1314,15.7390,15.9093,0.426,15.728
2019-10-16,15.8797,15.9759,15.5762,15.5762,0.367,15.730
2019-10-17,15.6206,15.6206,15.2356,15.2578,0.946,15.735
2019-10-18,15.2801,15.6706,15.2801,15.6502,0.836,15.742
2019-10-21,15.6724,15.9241,15.6724,15.8797,0.470,15.760
2019-10-22,15.9908,16.0944,15.4503,15.4799,0.576,15.773
2019-10-23,15.4429,15.8353,15.3372,15.4651,0.381,15.782
2019-10-24,15.5392,15.5614,15.3763,15.4503,0.291,15.793
2019-10-25,15.4799,15.5688,15.3689,15.4281,0.201,15.804
2019-10-28,15.5318,15.7008,15.3393,15.4355,0.452,15.805
2019-10-29,15.4355,15.6428,15.3023,15.4133,0.673,15.801
2019-10-30,15.4443,15.4443,15.1934,15.3911,0.596,15.793
2019-10-31,15.3379,15.4215,15.1021,15.3379,0.629,15.786
2019-11-01,15.4291,15.5090,15.2998,15.3455,0.429,15.788
2019-11-04,15.4900,15.5964,15.2922,15.4291,0.734,15.801
2019-11-05,15.4519,15.6116,15.3683,15.5280,0.389,15.818
2019-11-06,14.9424,15.3607,14.4862,14.8968,1.567,15.825
2019-11-07,14.9044,15.1706,14.5850,15.0261,0.903,15.828
2019-11-08,14.8208,15.0261,14.2733,14.3265,0.903,15.807
2019-11-11,14.2428,14.6687,13.8474,14.6687,0.682,15.793
2019-11-12,14.6535,14.8550,14.4634,14.7067,0.772,15.781
2019-11-13,14.6307,14.8208,14.0756,14.0756,0.603,15.754
2019-11-14,14.0527,14.2809,13.9767,14.2581,0.493,15.730
2019-11-15,14.2581,14.3835,13.9539,14.0603,0.379,15.703
2019-11-18,14.0679,14.0679,13.7714,13.8626,0.408,15.665
2019-11-19,13.8702,13.9995,13.6193,13.7334,0.665,15.623
2019-11-20,13.6725,13.8398,13.5204,13.5509,0.733,15.575
2019-11-21,13.5661,13.9235,13.4596,13.9007,0.599,15.541
2019-11-22,13.9007,14.4634,13.9007,14.4482,0.683,15.500
2019-11-25,14.4558,14.6877,14.4558,14.6459,0.363,15.452
2019-11-26,14.7143,14.8132,14.2885,14.3721,0.369,15.404
2019-11-27,14.3645,14.4786,14.0908,14.4786,0.329,15.351
2019-11-29,14.3949,14.5394,14.2200,14.4558,0.191,15.303
2019-12-02,14.4406,14.6231,14.3189,14.3569,0.776,15.260
2019-12-03,14.2505,14.2581,13.7334,14.1212,0.631,15.220
2019-12-04,14.2124,14.3797,14.0299,14.3037,0.469,15.184
2019-12-05,14.3037,14.4254,13.7942,13.8170,0.430,15.139
2019-12-06,13.7486,14.1896,13.7486,14.0679,0.532,15.104
2019-12-09,14.1896,14.5432,14.1592,14.4862,0.756,15.078
2019-12-10,14.5470,15.3455,14.4634,15.2998,1.192,15.066
2019-12-11,15.4367,15.9386,15.4319,15.7941,0.910,15.062
2019-12-12,15.8093,15.9994,15.4519,15.4671,0.713,15.051
2019-12-13,15.4367,15.5660,14.7751,14.9272,0.539,15.024
2019-12-16,14.9044,15.2998,14.9044,15.1782,0.688,15.001
2019-12-17,15.2010,15.3683,15.1097,15.2314,0.726,14.979
2019-12-18,15.2466,15.8626,15.2442,15.8017,0.938,14.968
2019-12-19,15.8321,15.9462,15.5736,15.6953,0.928,14.957
2019-12-20,15.6725,15.8169,15.3531,15.4139,3.351,14.946
2019-12-23,15.3987,15.6344,15.3379,15.5736,0.525,14.936
2019-12-24,15.5584,15.7409,15.4367,15.7409,0.119,14.934
2019-12-26,15.7257,16.0146,15.7257,16.0070,0.429,14.936
2019-12-27,15.9690,16.0527,15.6725,15.7181,0.446,14.939
2019-12-30,15.6953,15.7713,15.4900,15.5356,0.580,14.945
2019-12-31,15.4443,15.8169,15.4443,15.5736,0.382,14.943
2020-01-02,15.5888,16.1135,15.5888,16.0831,0.676,14.947
2020-01-03,16.1591,16.2428,15.9196,16.0755,0.824,14.959
2020-01-06,16.1363,16.3949,16.0755,16.1515,0.878,14.973
2020-01-07,15.8778,16.6914,15.7555,16.6382,1.351,14.997
2020-01-08,16.6154,16.8815,16.4633,16.6914,1.111,15.022
2020-01-09,16.8055,16.8055,16.1667,16.1667,0.618,15.037
2020-01-10,16.1895,16.1895,15.8702,16.0755,0.960,15.050
2020-01-13,16.1211,16.2055,15.8398,16.1743,0.814,15.065
2020-01-14,16.1743,16.4481,16.1526,16.4101,0.838,15.087
2020-01-15,16.3340,16.4861,16.2808,16.3949,0.515,15.108
2020-01-16,16.4709,16.4709,16.3112,16.3721,0.402,15.127
2020-01-17,16.4329,16.4405,16.1135,16.3188,0.246,15.143
2020-01-21,16.3568,16.3568,15.7713,15.8169,0.687,15.161
2020-01-22,15.8474,15.8778,15.5584,15.6268,0.730,15.173
2020-01-23,15.5356,15.5660,15.1249,15.3075,0.507,15.193
2020-01-24,15.3531,15.4215,15.0413,15.1173,0.492,15.202
2020-01-27,14.9272,14.9729,14.7828,14.7828,0.354,15.203
2020-01-28,14.8968,14.9881,14.6459,14.6915,0.678,15.215
2020-01-29,14.7904,14.8892,14.6003,14.6307,0.463,15.223
2020-01-30,14.4541,14.6598,14.1408,14.2505,1.235,15.227
2020-01-31,14.1329,14.3445,13.9371,13.9998,0.706,15.229
2020-02-03,14.0233,14.1878,13.9292,13.9528,0.878,15.234
2020-02-04,14.1408,14.6343,14.0918,14.2505,0.584,15.248
2020-02-05,14.4150,14.9942,14.4150,14.6500,0.794,15.263
2020-02-06,14.6500,14.6735,14.1173,14.2348,0.962,15.259
2020-02-07,14.0938,14.2348,13.9057,13.9136,0.862,15.244
2020-02-10,13.9057,14.2034,13.8000,13.9919,0.469,15.236
2020-02-11,14.1329,14.3915,14.1094,14.2191,0.422,15.231
2020-02-12,14.4228,14.8615,14.2426,14.6265,0.517,15.235
2020-02-13,14.6187,14.8145,14.4620,14.6892,0.585,15.241
2020-02-14,14.7048,14.7785,14.4541,14.4698,0.336,15.248
2020-02-18,14.4306,14.4306,13.8666,13.8666,0.705,15.239
2020-02-19,13.7412,13.8744,12.0255,12.1509,4.328,15.206
2020-02-20,11.9159,12.1352,11.5476,11.9629,2.684,15.164
2020-02-21,11.8297,11.8297,11.3949,11.4458,1.203,15.103
2020-02-24,11.1481,11.2264,10.3255,10.3333,1.960,15.004
2020-02-25,10.4352,10.5214,9.0172,9.3854,4.344,14.876
2020-02-26,9.3462,9.3776,8.4610,8.4610,2.266,14.736
2020-02-27,8.1946,8.6647,6.8079,8.1319,6.062,14.600
2020-02-28,7.8264,7.9361,7.2388,7.7794,6.234,14.452
2020-03-02,7.8421,8.5706,7.4503,8.2494,1.949,14.312
2020-03-03,8.2338,8.6960,8.0575,8.1633,1.802,14.159
2020-03-04,8.4296,8.5393,7.6462,7.7324,2.344,14.000
2020-03-05,7.5444,7.6697,7.1605,7.3015,1.806,13.838
2020-03-06,7.0900,7.0978,6.5494,6.7061,1.873,13.660
2020-03-09,5.1314,5.3899,4.0190,4.0190,2.865,13.426
2020-03-10,4.9591,5.4448,3.4941,4.3715,4.914,13.193
2020-03-11,4.1286,4.6849,3.9641,4.5282,3.871,12.969
2020-03-12,4.0425,4.4812,3.5450,3.6351,2.617,12.731
2020-03-13,4.1443,4.8886,3.5489,4.8886,3.753,12.518
2020-03-16,4.0033,4.5909,3.7918,4.2540,2.107,12.281
2020-03-17,4.3480,4.4498,3.5881,3.6743,1.588,12.033
2020-03-18,3.4862,3.5959,2.0212,2.4129,2.296,11.758
2020-03-19,2.6401,3.5567,2.3177,2.7733,2.653,11.481
2020-03-20,3.1102,4.4655,2.7420,3.2982,7.562,11.213
2020-03-23,3.5411,3.5411,2.3973,2.5383,2.751,10.941
2020-03-24,2.7890,2.8987,2.5070,2.6166,1.993,10.671
2020-03-25,2.7420,3.2904,2.3816,2.8282,2.781,10.405
2020-03-26,2.9770,3.0867,2.5540,2.6793,2.712,10.130
2020-03-27,2.6323,2.6793,2.4279,2.4364,2.215,9.851
2020-03-30,2.4286,2.4756,2.1936,2.3503,1.923,9.570
2020-03-31,2.4286,3.1729,2.4051,3.0710,3.274,9.305
2020-04-01,2.9535,2.9535,2.5853,2.8360,1.534,9.046
2020-04-02,3.0162,3.6821,2.8846,3.3452,1.887,8.800
2020-04-03,3.4079,3.4862,2.7341,2.9848,2.901,8.554
2020-04-06,3.1102,3.3295,2.9535,3.2199,1.094,8.316
2020-04-07,3.3217,3.8940,3.3217,3.3687,3.245,8.087
2020-04-08,3.4471,3.9563,3.3844,3.8153,2.067,7.870
2020-04-09,4.0425,4.5438,3.4471,3.9093,3.517,7.655
2020-04-13,4.1913,4.2853,3.8153,4.0111,1.603,7.451
2020-04-14,4.1521,4.3245,4.0111,4.3088,2.381,7.257
2020-04-15,4.0816,4.1678,3.7683,4.0033,1.557,7.058
2020-04-16,3.9328,3.9955,3.7604,3.8544,0.871,6.850
2020-04-17,3.9563,4.0816,3.7683,4.0425,4.314,6.638
2020-04-20,3.7996,4.1754,3.5411,3.6821,1.648,6.427
2020-04-21,3.5411,3.7408,3.3530,3.4079,1.761,6.217
2020-04-22,3.5881,3.6664,3.3844,3.5097,1.438,6.007
2020-04-23,3.6743,4.0346,3.5332,3.9955,2.120,5.803
2020-04-24,4.1521,4.3010,3.6272,3.8936,2.879,5.588
2020-04-27,3.7291,3.9720,3.6664,3.9328,2.063,5.373
2020-04-28,3.9955,4.1835,3.7839,4.0190,1.519,5.164
2020-04-29,4.2305,4.7475,4.1835,4.7397,2.990,4.981
2020-04-30,4.8747,5.2842,4.5052,4.8024,2.191,4.834
2020-05-01,4.5213,4.6337,4.3125,4.4972,1.737,4.685
2020-05-04,4.3768,4.3768,3.8548,4.0876,2.470,4.538
2020-05-05,4.2483,4.3366,3.9029,4.0234,1.424,4.412
2020-05-06,4.1439,4.2402,3.8307,4.1920,1.939,4.308
2020-05-07,4.2161,4.8747,4.1599,4.7943,2.063,4.234
2020-05-08,4.8586,5.2200,4.8586,5.1638,3.059,4.175
2020-05-11,5.0754,5.0993,4.7221,4.9871,0.742,4.119
2020-05-12,4.9148,5.1798,4.8265,4.8425,0.605,4.051
2020-05-13,4.8425,4.9550,4.4169,4.9469,1.450,3.987
2020-05-14,4.7301,5.0192,4.5052,4.8104,0.955,3.928
2020-05-15,4.9068,5.1477,4.7140,5.1477,1.004,3.885
2020-05-18,5.6215,5.9159,5.5573,5.6215,1.511,3.863
2020-05-19,5.7099,6.1596,5.5412,5.5412,2.430,3.894
2020-05-20,5.7580,5.9749,5.6456,5.7420,2.228,3.921
2020-05-21,5.8223,5.9849,5.6617,5.8785,1.100,3.948
2020-05-22,5.8464,6.0953,5.7259,6.0471,0.962,3.997
2020-05-26,6.4246,6.6735,6.3844,6.5531,1.057,4.030
2020-05-27,6.7860,7.0510,6.4888,6.9466,1.321,4.084
2020-05-28,6.9466,6.9466,6.5852,6.7699,0.746,4.146
2020-05-29,6.7298,6.7298,6.2881,6.4406,2.243,4.226
2020-06-01,6.4888,6.6093,6.3925,6.4567,0.651,4.300
2020-06-02,6.5290,6.9305,6.4889,6.6896,0.732,4.368
2020-06-03,6.7860,7.3642,6.7860,7.2036,1.075,4.461
2020-06-04,7.2277,7.7015,7.1152,7.6854,0.809,4.562
2020-06-05,8.2074,8.6250,7.9183,8.5608,1.230,4.677
2020-06-08,9.7011,9.7011,8.7029,8.9382,1.534,4.802
2020-06-09,8.6652,8.6652,7.8300,8.2315,1.482,4.918
2020-06-10,8.1432,8.2395,7.3723,8.1030,1.831,5.033
2020-06-11,7.2919,7.4846,6.4166,6.7619,1.985,5.107
2020-06-12,7.3160,7.5328,6.6494,6.8020,1.481,5.186
2020-06-15,6.4246,7.5730,6.0632,7.3401,2.113,5.266
2020-06-16,7.9906,8.0307,7.0510,7.3722,2.734,5.354
2020-06-17,7.2839,7.5710,7.1152,7.3401,1.082,5.436
2020-06-18,7.1634,7.6922,7.1634,7.3321,1.338,5.516
2020-06-19,7.5971,7.6854,6.8422,6.9466,2.096,5.578
2020-06-22,7.0108,7.2236,6.7218,7.0189,1.543,5.640
2020-06-23,7.2116,7.2116,6.8502,6.9145,0.574,5.698
2020-06-24,6.6494,6.7057,6.0311,6.1917,1.440,5.736
2020-06-25,5.8705,6.2479,5.7500,5.7821,1.026,5.772
2020-06-26,5.7821,5.8383,5.3565,5.5492,1.007,5.806
2020-06-29,5.6376,5.8464,5.4770,5.7902,1.390,5.841
2020-06-30,5.7179,5.8303,5.5653,5.7982,0.578,5.883
2020-07-01,5.8223,5.9990,5.5412,5.6456,0.749,5.928
2020-07-02,5.9267,5.9267,5.3485,5.3565,1.175,5.965
2020-07-06,5.5091,5.6617,5.0674,5.2521,2.790,5.990
2020-07-07,5.0394,5.1731,4.8822,5.0158,0.910,6.012
2020-07-08,5.0158,5.1078,4.8665,4.9607,0.978,6.033
2020-07-09,4.9136,4.9765,4.6543,4.7485,0.428,6.047
2020-07-10,4.7328,5.0945,4.7250,5.0866,0.745,6.054
2020-07-13,5.0945,5.1731,4.7721,4.9372,2.123,6.057
2020-07-14,4.8114,5.0237,4.7642,4.9136,0.962,6.065
2020-07-15,5.1102,5.2202,4.9215,5.1416,1.066,6.086
2020-07-16,5.0945,5.3382,4.9607,5.1259,0.437,6.108
2020-07-17,5.1416,5.3853,4.9215,4.9372,0.573,6.123
2020-07-20,4.9215,5.2123,4.8979,5.1495,0.810,6.130
2020-07-21,5.3404,5.9427,5.3404,5.9187,1.016,6.145
2020-07-22,5.6762,5.7956,5.5347,5.6998,0.560,6.160
2020-07-23,5.7784,5.8256,5.3971,5.4640,0.969,6.172
2020-07-24,5.4246,5.5662,5.2517,5.2674,0.625,6.179
2020-07-27,5.4529,5.5452,5.2698,5.4689,0.873,6.192
2020-07-28,5.4609,5.6055,5.4127,5.4448,0.552,6.198
2020-07-29,5.4930,5.7420,5.3003,5.7259,0.839,6.200
2020-07-30,5.5203,5.7992,5.3891,5.7500,0.790,6.204
2020-07-31,5.8812,5.8853,5.3481,5.4711,1.025,6.199
2020-08-03,5.4957,5.6762,5.3317,5.3645,1.102,6.188
2020-08-04,5.3317,5.5531,5.3071,5.4383,0.681,6.176
2020-08-05,5.3317,5.3440,4.7657,4.8641,2.844,6.142
2020-08-06,4.8231,5.0774,4.7657,4.9297,1.057,6.102
2020-08-07,4.9051,5.1922,4.8395,5.1102,1.183,6.069
2020-08-10,5.0938,5.5778,5.0938,5.3071,2.172,6.046
2020-08-11,5.4465,5.5859,5.2907,5.3481,1.128,6.024
2020-08-12,5.5285,5.6598,5.3317,5.4137,1.297,5.998
2020-08-13,5.4055,5.4465,5.1676,5.3071,1.135,5.960
2020-08-14,5.3481,5.3609,5.1430,5.3481,0.647,5.914
2020-08-17,5.3317,5.4137,5.0610,5.0774,0.950,5.844
2020-08-18,5.1020,5.1430,4.8395,4.9544,1.301,5.764
2020-08-19,4.9133,5.0200,4.8395,4.8969,1.706,5.698
2020-08-20,4.8395,4.8887,4.6181,4.7329,1.759,5.630
2020-08-21,4.6509,4.7329,4.3720,4.4376,2.395,5.584
2020-08-24,4.4622,4.5196,4.2899,4.3146,2.326,5.534
2020-08-25,4.3556,4.4868,4.2079,4.3474,1.479,5.474
2020-08-26,4.3966,4.4294,4.1505,4.2407,2.111,5.412
2020-08-27,4.2407,4.4109,4.1669,4.3638,1.045,5.352
2020-08-28,4.4130,4.5770,4.2899,4.5360,2.061,5.296
2020-08-31,4.5770,4.6003,4.3720,4.3884,1.540,5.245
2020-09-01,4.3228,4.4212,4.2653,4.3310,1.886,5.191
2020-09-02,4.3310,4.5975,4.3064,4.5606,1.820,5.144
2020-09-03,4.5032,4.5688,4.3392,4.3966,1.076,5.108
2020-09-04,4.4294,4.4341,4.0603,4.3064,1.176,5.079
2020-09-08,4.2243,4.2653,3.9865,4.0111,1.295,5.048
2020-09-09,4.0603,4.1751,3.9865,4.1423,0.939,5.015
2020-09-10,4.1505,4.1833,4.0193,4.0849,1.002,4.981
2020-09-11,4.0767,4.1710,3.8183,3.8798,1.343,4.945
2020-09-14,3.9372,4.1423,3.9372,4.1013,1.154,4.920
2020-09-15,4.1587,4.2653,3.9782,3.9947,1.350,4.895
2020-09-16,4.0111,4.2366,3.9947,4.0521,0.929,4.876
2020-09-17,4.0193,4.2243,3.9372,4.0111,0.989,4.857
2020-09-18,4.0029,4.0931,3.9085,4.0767,3.016,4.843
2020-09-21,3.9536,4.0439,3.8634,3.9865,0.942,4.821
2020-09-22,4.0521,4.2161,4.0111,4.1095,0.856,4.805
2020-09-23,4.1505,4.2653,3.8388,3.8470,1.206,4.784
2020-09-24,3.8634,3.9782,3.6419,3.8552,0.942,4.758
2020-09-25,3.8060,3.8757,3.6666,3.7486,1.098,4.730
2020-09-28,3.8142,3.8634,3.5845,3.7814,0.840,4.707
2020-09-29,3.7322,3.8634,3.6501,3.7322,1.245,4.679
2020-09-30,3.7158,3.8721,3.6255,3.6912,1.600,4.634
2020-10-01,3.6912,3.8306,3.5763,3.7896,0.768,4.596
2020-10-02,3.6830,3.9372,3.5435,3.8634,0.526,4.564
2020-10-05,3.9290,4.0931,3.8962,4.0931,0.676,4.541
2020-10-06,4.0931,4.2489,3.8798,3.9782,0.568,4.511
2020-10-07,4.0521,4.0931,3.8552,3.9044,0.706,4.480
2020-10-08,3.9618,4.1013,3.8716,4.0931,0.795,4.447
2020-10-09,4.1259,4.1423,3.9700,4.0029,0.719,4.412
2020-10-12,4.0193,4.0275,3.8798,3.9782,0.440,4.382
2020-10-13,3.9372,4.0234,3.8060,3.8306,0.941,4.352
2020-10-14,3.8880,4.0111,3.8552,3.8880,0.531,4.321
2020-10-15,3.8880,3.9372,3.8060,3.8716,0.557,4.301
2020-10-16,3.8716,4.0275,3.8265,3.8634,0.508,4.280
2020-10-19,3.8388,3.9372,3.7322,3.7486,0.631,4.252
2020-10-20,3.7896,3.9044,3.7486,3.8224,0.662,4.223
2020-10-21,3.9208,4.0193,3.8224,3.9454,0.601,4.195
2020-10-22,3.9782,4.1341,3.9618,4.1013,0.927,4.168
2020-10-23,4.1423,4.1833,3.9454,4.0275,0.777,4.143
2020-10-26,3.9208,4.0111,3.8306,3.9208,0.667,4.114
2020-10-27,3.9372,3.9618,3.7978,3.8880,0.569,4.090
2020-10-28,3.7732,3.8962,3.6583,3.6583,0.986,4.065
2020-10-29,3.6222,3.7494,3.4864,3.7240,1.272,4.041
2020-10-30,3.6900,3.7240,3.4780,3.5628,0.509,4.018
2020-11-02,3.6222,3.7240,3.3931,3.6561,1.120,4.002
2020-11-03,3.6391,3.7664,3.4186,3.4695,1.184,3.985
2020-11-04,3.3847,3.5501,3.2065,3.3931,1.068,3.966
2020-11-05,3.6052,3.8936,3.3596,3.8682,1.501,3.959
2020-11-06,3.8597,3.8597,3.6137,3.6137,0.911,3.944
2020-11-09,3.8342,4.5298,3.8173,4.3178,2.220,3.939
2020-11-10,4.4111,4.7588,4.2075,4.6656,0.946,3.945
2020-11-11,4.7249,4.7504,4.3602,4.4111,0.785,3.946
2020-11-12,4.3432,4.5086,4.2584,4.3856,0.946,3.943
2020-11-13,4.4874,4.7589,4.4242,4.4959,1.052,3.945
2020-11-16,4.7419,4.9625,4.6656,4.8437,0.995,3.956
2020-11-17,4.8437,5.0982,4.7080,5.0812,0.712,3.977
2020-11-18,5.1406,5.4121,5.0134,5.0134,1.478,3.994
2020-11-19,5.2424,5.2933,4.8861,5.1661,1.256,4.016
2020-11-20,5.1661,5.2424,5.0303,5.0303,0.452,4.039
2020-11-23,5.0897,5.5987,5.0473,5.5139,1.702,4.067
2020-11-24,5.7429,5.9974,5.6581,5.7768,1.259,4.103
2020-11-25,5.7853,6.1204,5.6581,6.0313,1.180,4.143
2020-11-27,6.0313,6.2179,5.7259,5.9210,0.562,4.181
2020-11-30,5.8023,5.9210,5.3612,5.4545,1.264,4.208
2020-12-01,5.5902,5.6233,5.1745,5.2254,0.852,4.233
2020-12-02,5.1067,5.6156,5.0982,5.4714,1.063,4.260
2020-12-03,5.5478,5.9550,5.4290,5.8532,1.191,4.300
2020-12-04,6.0228,6.5403,5.9465,6.3706,1.164,4.351
2020-12-07,6.3791,6.4130,6.0440,6.2094,0.877,4.400
2020-12-08,6.1501,6.6166,6.1500,6.4470,1.231,4.453
2020-12-09,6.5912,6.7523,5.8871,6.0737,2.822,4.500
2020-12-10,6.0652,6.5488,5.9380,6.4300,0.998,4.555
2020-12-11,6.3197,6.3197,5.9465,6.0228,0.830,4.600
2020-12-14,6.1501,6.2264,5.6581,5.7090,0.949,4.636
2020-12-15,5.8023,5.8659,5.5563,5.8362,0.830,4.671
2020-12-16,5.9295,5.9295,5.5987,5.6326,0.859,4.704
2020-12-17,5.6665,5.7348,5.1830,5.5732,1.437,4.738
2020-12-18,5.5732,5.9380,5.5393,5.8701,1.835,4.773
2020-12-21,5.6156,5.8786,5.4714,5.5817,0.856,4.805
2020-12-22,5.5732,5.7174,5.4451,5.5647,0.464,4.837
2020-12-23,5.5987,5.7514,5.5647,5.5902,0.515,4.872
2020-12-24,5.5732,5.7174,5.4969,5.5563,0.261,4.905
2020-12-28,5.6581,5.6581,5.0812,5.1321,1.143,4.930
2020-12-29,5.1406,5.3781,5.0685,5.3442,1.367,4.960
2020-12-30,5.3187,5.3781,5.0982,5.2424,0.782,4.990
2020-12-31,5.1745,5.4205,5.1407,5.2678,0.616,5.019
2021-01-04,5.4375,5.4375,5.1236,5.1915,0.748,5.044
2021-01-05,5.2170,5.5817,5.1703,5.3357,0.770,5.068
2021-01-06,5.4799,5.6558,5.2678,5.5987,0.985,5.100
2021-01-07,5.6581,5.9380,5.6241,5.8192,1.375,5.138
2021-01-08,5.9634,5.9634,5.5139,5.7514,0.909,5.175
2021-01-11,5.5393,5.7514,5.5139,5.6072,0.526,5.214
2021-01-12,5.6750,5.8192,5.6496,5.7174,1.074,5.254
2021-01-13,5.7429,5.7853,5.5223,5.6326,0.712,5.295
2021-01-14,5.6835,5.8277,5.5478,5.7599,0.727,5.337
2021-01-15,5.6835,5.7010,5.4460,5.5308,0.653,5.379
2021-01-19,5.5902,5.8023,5.4969,5.5987,0.783,5.423
2021-01-20,5.7005,5.7095,5.3951,5.4799,1.014,5.455
2021-01-21,5.4799,5.5308,5.1406,5.1576,1.464,5.486
2021-01-22,5.1321,5.1321,4.9540,5.0812,1.193,5.501
2021-01-25,5.0897,5.2000,4.9201,5.0473,1.441,5.509
2021-01-26,5.0982,5.2475,4.9794,5.0388,1.495,5.521
2021-01-27,5.0303,5.0812,4.8607,4.9370,1.609,5.532
2021-01-28,5.0240,5.2935,4.9980,5.2848,1.177,5.548
2021-01-29,5.1631,5.5282,5.1284,5.4152,1.472,5.560
2021-02-01,5.5543,5.5543,5.3109,5.3804,1.796,5.566
2021-02-02,5.4065,5.5543,5.1544,5.2240,0.868,5.570
2021-02-03,5.2761,5.4587,5.2653,5.3804,1.062,5.574
2021-02-04,5.4326,5.6933,5.3691,5.5456,0.606,5.584
2021-02-05,5.5803,5.9802,5.5803,5.8237,1.447,5.591
2021-02-08,5.9106,5.9715,5.7629,5.7803,1.171,5.591
2021-02-09,5.8759,5.9020,5.5803,5.6151,0.709,5.582
2021-02-10,5.6151,5.8498,5.6064,5.8411,0.816,5.581
2021-02-11,5.8498,6.1176,5.6933,6.0150,0.901,5.592
2021-02-12,6.0497,6.3192,5.9126,5.9541,0.907,5.606
2021-02-16,6.1279,6.3713,6.0932,6.2409,0.749,5.622
2021-02-17,6.1888,6.4755,6.0932,6.1801,1.164,5.628
2021-02-18,5.8933,6.4061,5.7368,6.0410,1.251,5.622
2021-02-19,6.1540,6.4583,6.0845,6.4061,0.816,5.626
2021-02-22,6.3539,6.8537,6.3539,6.6060,1.640,5.629
2021-02-23,6.6321,6.6929,6.1453,6.6321,1.231,5.640
2021-02-24,6.7103,7.3448,6.6929,6.9102,1.916,5.650
2021-02-25,7.1623,7.4405,6.7538,7.1884,1.514,5.673
2021-02-26,7.0059,7.3622,6.7625,6.8581,2.484,5.696
2021-03-01,7.0145,7.5882,7.0059,7.5013,2.837,5.729
2021-03-02,7.4318,7.8055,7.2405,7.7795,1.564,5.772
2021-03-03,7.7795,8.2271,7.5100,7.5969,1.783,5.813
2021-03-04,7.6404,8.0315,7.4318,7.7534,1.417,5.850
2021-03-05,8.0141,8.1619,7.5969,7.8229,1.201,5.895
2021-03-08,7.8751,8.1532,7.8012,7.8577,1.383,5.941
2021-03-09,7.7621,7.8751,7.5100,7.5274,1.008,5.980
2021-03-10,7.5882,7.8490,7.5708,7.8142,0.801,6.025
2021-03-11,7.8316,8.0665,7.7621,8.0141,1.028,6.083
2021-03-12,8.0837,8.3444,8.0570,8.3097,0.689,6.142
2021-03-15,8.2662,8.3557,8.0142,8.3010,0.599,6.203
2021-03-16,8.1445,8.3705,8.0750,8.3184,1.031,6.264
2021-03-17,8.3879,9.0398,8.3444,8.9007,2.015,6.338
2021-03-18,8.8312,8.9442,8.1271,8.1793,1.021,6.395
2021-03-19,8.1706,8.3444,7.9011,8.0315,1.753,6.444
2021-03-22,8.1793,8.1793,7.6621,7.8316,0.710,6.484
2021-03-23,7.6578,7.7360,7.2623,7.3014,0.901,6.515
2021-03-24,7.4752,7.6751,7.2579,7.2840,0.578,6.549
2021-03-25,7.2318,7.6491,7.0754,7.6230,0.627,6.587
2021-03-26,7.6578,7.8838,7.6143,7.8403,0.530,6.631
2021-03-29,7.6751,8.0141,7.5404,7.8577,0.500,6.673
2021-03-30,7.8925,7.9533,7.7099,7.7708,0.208,6.718
2021-03-31,7.7708,8.3097,7.6751,8.1184,1.136,6.768
2021-04-01,8.1532,8.2922,8.0228,8.1706,0.458,6.822
2021-04-05,8.1445,8.1445,7.8055,8.1271,0.559,6.881
2021-04-06,8.0402,8.3010,8.0402,8.2749,0.719,6.945
2021-04-07,8.2662,8.3879,8.1707,8.3792,0.737,7.012
2021-04-08,8.3531,8.5357,8.2315,8.4748,0.263,7.080
2021-04-09,8.4748,8.6747,8.0315,8.1098,0.795,7.144
2021-04-12,8.2575,8.3966,8.0054,8.1011,0.731,7.200
2021-04-13,8.0315,8.1271,7.8577,7.9968,0.329,7.252
2021-04-14,8.1445,8.2575,7.9707,8.1706,0.592,7.308
2021-04-15,8.1532,8.2923,8.0750,8.2923,0.423,7.369
2021-04-16,8.3010,8.3140,8.0315,8.1011,0.430,7.423
2021-04-19,8.0402,8.2749,7.9968,8.0663,0.347,7.474
2021-04-20,8.0141,8.0837,7.6969,7.9098,0.697,7.516
2021-04-21,7.7099,8.1967,7.6491,8.1706,0.517,7.563
2021-04-22,8.2054,8.2314,7.9968,8.0837,0.384,7.613
2021-04-23,8.0489,8.2054,8.0402,8.1358,0.736,7.659
2021-04-26,8.1358,8.3097,8.1358,8.2141,0.262,7.703
2021-04-27,8.1706,8.3792,8.1358,8.2401,0.498,7.748
2021-04-28,8.2662,8.4574,8.2662,8.3879,0.476,7.791
2021-04-29,8.4208,8.5797,8.3105,8.5444,0.487,7.839
2021-04-30,8.4473,8.5708,8.1118,8.1118,0.665,7.880
2021-05-03,8.2266,8.3589,8.0324,8.2707,0.698,7.917
2021-05-04,8.1913,8.3149,8.0942,8.1913,0.420,7.949
2021-05-05,8.1472,8.6061,8.2089,8.2796,0.656,7.982
2021-05-06,8.3413,8.3943,8.0430,8.2619,0.612,8.009
2021-05-07,8.2531,8.5620,8.2354,8.2796,0.486,8.031
2021-05-10,8.3060,9.0122,8.2884,8.4914,1.590,8.063
2021-05-11,8.2972,8.8621,8.2796,8.7209,0.544,8.088
2021-05-12,8.7650,8.9857,8.3855,8.4120,0.649,8.100
2021-05-13,8.6238,8.7827,8.1825,8.3943,0.629,8.116
2021-05-14,8.4826,8.6979,8.2266,8.4120,1.870,8.130
2021-05-17,8.3149,8.5179,8.2972,8.5091,0.775,8.143
2021-05-18,8.5091,8.6415,8.4120,8.4826,0.535,8.156
2021-05-19,8.4208,8.4208,8.1648,8.2442,0.667,8.170
2021-05-20,8.2178,8.3943,8.1825,8.3590,0.466,8.181
2021-05-21,8.3855,8.6856,8.3590,8.6591,0.433,8.194
2021-05-24,8.6679,8.6856,8.3413,8.5355,0.575,8.198
2021-05-25,8.4737,8.5620,8.2465,8.2972,0.521,8.198
2021-05-26,8.2972,8.4164,8.2442,8.3855,0.491,8.200
2021-05-27,8.3237,8.4649,8.2531,8.3149,0.337,8.188
2021-05-28,8.3855,8.3855,8.1472,8.2442,1.021,8.189
2021-06-01,8.3943,8.8180,8.3767,8.7562,0.868,8.204
2021-06-02,8.8268,9.2682,8.5885,9.1269,0.996,8.230
2021-06-03,9.0387,9.4006,8.9680,9.2240,0.580,8.268
2021-06-04,9.1975,9.2858,8.9945,9.1622,0.484,8.306
2021-06-07,9.1181,9.9213,9.0828,9.8772,0.909,8.351
2021-06-08,9.9567,10.3627,9.7801,10.2744,1.187,8.400
2021-06-09,10.3274,10.5216,10.2832,10.3186,0.867,8.449
2021-06-10,10.5039,10.9188,10.2832,10.9099,1.020,8.512
2021-06-11,11.0953,11.2807,10.8570,11.0247,1.260,8.570
2021-06-14,11.0512,11.2542,10.7864,10.7952,1.698,8.622
2021-06-15,10.9276,10.9276,10.0361,10.5304,1.529,8.670
2021-06-16,10.6010,10.6097,10.1685,10.4156,0.812,8.713
2021-06-17,10.4245,10.4245,9.5197,9.8772,1.019,8.743
2021-06-18,9.7095,9.8110,9.3741,9.5241,2.260,8.764
2021-06-21,9.7095,10.0096,9.6301,9.8772,0.826,8.799
2021-06-22,9.7536,9.9655,9.4888,9.8949,0.771,8.835
2021-06-23,9.9478,10.1685,9.8949,9.9125,0.520,8.873
2021-06-24,9.9390,10.0449,9.8154,10.0184,0.329,8.910
2021-06-25,10.0361,10.0361,9.6742,9.9213,0.703,8.943
2021-06-28,9.9567,9.9567,9.4270,9.7360,0.620,8.976
2021-06-29,9.8507,9.8507,9.6830,9.6918,0.187,9.008
2021-06-30,9.6918,10.3803,9.6654,10.2479,0.358,9.055
2021-07-01,10.3274,10.5039,10.2215,10.4510,0.546,9.101
2021-07-02,10.5216,10.5834,10.2038,10.5745,0.268,9.150
2021-07-06,10.5392,10.5392,9.9213,10.0714,0.508,9.189
2021-07-07,10.0626,10.1597,9.6124,9.8596,0.356,9.222
2021-07-08,9.5594,9.9213,9.4191,9.6301,0.359,9.250
2021-07-09,9.7007,10.0626,9.7007,9.9743,0.320,9.282
2021-07-12,9.8331,10.0626,9.8066,9.9302,0.353,9.309
2021-07-13,9.8154,10.0140,9.6742,9.6742,0.453,9.341
2021-07-14,9.7801,9.8599,9.4006,9.5241,0.532,9.366
2021-07-15,9.3829,9.6654,9.3123,9.4359,0.504,9.390
2021-07-16,9.5771,9.5887,9.0563,9.2064,0.808,9.409
2021-07-19,8.9327,8.9327,8.3855,8.4737,1.074,9.413
2021-07-20,8.5620,8.8356,8.4208,8.7386,0.469,9.422
2021-07-21,8.8974,9.3035,8.6503,8.7032,0.847,9.427
2021-07-22,8.7474,8.8356,8.4384,8.7121,0.551,9.427
2021-07-23,8.6944,8.8621,8.3413,8.8621,0.736,9.436
2021-07-26,8.7827,9.2858,8.7827,9.2417,0.326,9.452
2021-07-27,9.1887,9.2417,8.7739,8.7827,0.600,9.460
2021-07-28,8.8621,9.0563,8.7386,8.8974,0.774,9.468
2021-07-29,8.9912,9.2688,8.9912,9.2240,0.340,9.482
2021-07-30,9.0897,9.3136,8.9375,8.9733,0.193,9.497
2021-08-02,8.8837,9.1882,8.8837,8.9464,0.544,9.509
2021-08-03,8.9464,9.0987,8.8210,9.0449,0.761,9.517
2021-08-04,8.1046,8.4270,7.3255,7.9613,2.524,9.505
2021-08-05,8.1046,8.2210,7.7643,7.8897,1.055,9.497
2021-08-06,7.8897,7.8897,7.3703,7.4688,1.474,9.479
2021-08-09,7.5225,7.7733,7.2986,7.3076,1.593,9.458
2021-08-10,7.4688,7.5493,7.2538,7.4867,0.927,9.443
2021-08-11,7.5941,7.8539,7.5136,7.6389,0.398,9.421
2021-08-12,7.6300,7.8359,7.4688,7.7553,0.439,9.393
2021-08-13,7.7195,7.7553,7.4688,7.5673,0.568,9.360
2021-08-16,7.4777,7.6300,7.3434,7.4061,1.037,9.325
2021-08-17,7.3703,7.4777,7.2538,7.3971,0.355,9.276
2021-08-18,7.3344,7.3922,7.0926,7.1016,0.819,9.212
2021-08-19,7.0300,7.0696,6.7076,6.8777,0.839,9.143
2021-08-20,6.7703,7.0926,6.7703,7.0568,0.486,9.066
2021-08-23,7.3255,7.3971,7.0568,7.0837,0.789,8.987
2021-08-24,7.2359,7.4867,7.1928,7.3255,0.738,8.918
2021-08-25,7.3344,7.8449,7.3344,7.6479,0.903,8.860
2021-08-26,7.6747,7.6747,7.1285,7.1643,0.852,8.795
2021-08-27,7.1732,7.5941,7.1374,7.4061,0.621,8.746
2021-08-30,7.4330,7.5136,7.1106,7.1374,0.659,8.698
2021-08-31,7.1106,7.3971,7.0300,7.0658,0.892,8.642
2021-09-01,7.1419,7.2359,6.9986,7.1285,0.373,8.587
2021-09-02,7.1643,7.5852,7.1016,7.4061,0.598,8.537
2021-09-03,7.4688,7.5941,7.2628,7.2628,0.292,8.481
2021-09-07,7.2180,7.4688,7.1285,7.1464,0.306,8.426
2021-09-08,7.2091,7.3165,7.0390,7.1553,0.385,8.374
2021-09-09,7.0926,7.2718,7.0300,7.1553,0.643,8.324
2021-09-10,7.2538,7.2897,7.1195,7.1195,0.495,8.261
2021-09-13,7.1912,7.5136,7.1643,7.4777,0.618,8.202
2021-09-14,7.4867,7.6300,7.3344,7.3792,0.595,8.138
2021-09-15,7.4688,7.5762,7.3434,7.4509,0.685,8.085
2021-09-16,7.4330,7.9971,7.3721,7.9165,1.224,8.046
2021-09-17,7.8539,7.9703,7.5852,7.7016,1.981,8.008
2021-09-20,7.4240,7.6658,7.2538,7.2986,2.019,7.954
2021-09-21,7.3255,7.6658,7.2897,7.5941,0.798,7.908
2021-09-22,7.6837,8.3016,7.6747,7.9345,1.261,7.873
2021-09-23,7.9524,8.0867,7.8001,8.0151,0.826,7.843
2021-09-24,7.9524,8.0598,7.7374,7.8180,0.613,7.810
2021-09-27,7.8718,8.5076,7.8718,8.4270,1.433,7.795
2021-09-28,8.4449,8.6151,8.2703,8.4360,1.046,7.794
2021-09-29,8.3912,8.7136,8.3195,8.6509,0.784,7.792
2021-09-30,8.6419,9.1792,8.6061,8.9285,3.804,7.797
2021-10-01,8.9195,9.6897,8.9195,9.0718,1.580,7.804
2021-10-04,9.1524,9.5912,9.1255,9.5912,1.436,7.818
2021-10-05,9.6091,10.1106,9.5912,9.8330,1.493,7.830
2021-10-06,9.6539,9.8599,9.2867,9.4837,0.624,7.844
2021-10-07,9.4837,9.9225,9.4121,9.8061,1.436,7.862
2021-10-08,9.8688,10.2270,9.8688,10.2091,1.983,7.882
2021-10-11,10.3793,10.6390,10.3434,10.4867,1.069,7.912
2021-10-12,10.5315,10.7196,10.2584,10.4061,1.784,7.942
2021-10-13,10.3614,10.4867,9.9405,10.2091,1.119,7.965
2021-10-14,10.1375,10.4688,9.9852,10.3882,0.930,8.013
2021-10-15,10.5405,10.6121,10.3357,10.3703,0.612,8.063
2021-10-18,10.3882,10.4777,9.8240,9.9942,0.978,8.114
2021-10-19,10.0121,10.0569,9.5464,9.7166,1.057,8.162
2021-10-20,9.6181,9.8599,9.5554,9.8599,0.908,8.209
2021-10-21,9.6987,9.9494,9.6584,9.9405,0.778,8.255
2021-10-22,9.9494,10.0390,9.7613,9.9046,0.876,8.298
2021-10-25,10.0031,10.2360,9.8330,10.1643,1.715,8.350
2021-10-26,10.1822,10.5763,10.1196,10.3166,2.161,8.408
2021-10-27,10.2987,10.5226,10.0569,10.1285,0.971,8.463
2021-10-28,10.1003,10.2728,9.9914,10.2002,2.828,8.525
2021-10-29,10.3000,10.3363,9.5468,9.8916,1.634,8.585
2021-11-01,9.8825,10.1820,9.8825,10.1003,0.847,8.646
2021-11-02,10.1639,10.1729,9.6920,9.8009,1.614,8.700
2021-11-03,9.6194,9.8644,9.5831,9.8281,1.053,8.751
2021-11-04,9.9279,10.5813,9.8553,10.3000,1.828,8.804
2021-11-05,10.2092,10.5632,10.1457,10.4361,0.344,8.869
2021-11-08,10.4633,11.2347,10.3817,11.2165,0.905,8.945
2021-11-09,11.2438,12.2329,11.2334,11.9516,2.292,9.041
2021-11-10,11.7973,12.1331,11.4979,11.6703,0.933,9.134
2021-11-11,11.6521,11.8699,11.5251,11.7610,0.432,9.226
2021-11-12,11.7883,11.9425,11.5886,11.8246,0.296,9.315
2021-11-15,11.1984,11.5432,11.0078,11.4162,0.774,9.398
2021-11-16,11.5523,11.7973,11.2438,11.5614,0.719,9.486
2021-11-17,11.3980,11.8246,11.1076,11.2256,0.489,9.567
2021-11-18,11.2256,11.4207,11.0447,11.2891,0.461,9.650
2021-11-19,11.1031,11.2982,10.7655,10.9171,0.665,9.726
2021-11-22,10.6085,10.9534,10.5904,10.7810,0.512,9.792
2021-11-23,10.6993,11.1258,10.6358,10.9080,0.375,9.863
2021-11-24,10.7265,10.9080,10.2183,10.4089,0.980,9.922
2021-11-26,9.9370,10.1639,9.4016,10.1457,0.487,9.966
2021-11-29,10.2637,10.3816,9.3743,9.5649,1.469,10.004
2021-11-30,9.2927,9.6284,9.1021,9.1565,2.523,10.041
2021-12-01,9.5921,9.9007,9.0295,9.1656,0.816,10.072
2021-12-02,9.3471,9.9007,9.1656,9.7283,0.629,10.108
2021-12-03,9.9279,10.1820,9.6103,9.7555,0.387,10.143
2021-12-06,9.9188,10.0096,9.5740,9.5831,0.560,10.178
2021-12-07,9.7283,9.9824,9.6557,9.6738,0.646,10.203
2021-12-08,9.7283,10.0731,9.5831,9.8462,0.477,10.231
2021-12-09,9.8009,9.9551,9.6557,9.7283,0.481,10.253
2021-12-10,9.6194,9.7283,9.2664,9.3743,0.502,10.262
2021-12-13,9.2291,9.4651,8.9478,9.1565,0.654,10.264
2021-12-14,9.1747,9.1747,8.6756,8.7119,0.432,10.246
2021-12-15,8.8117,9.1565,8.2037,9.0023,0.727,10.229
2021-12-16,9.2745,9.5558,9.0930,9.3743,0.677,10.227
2021-12-17,9.3743,9.4197,9.0250,9.1565,1.317,10.214
2021-12-20,8.8752,9.0749,8.7754,8.8752,0.528,10.187
2021-12-21,8.9751,9.3108,8.9115,9.0930,0.534,10.160
2021-12-22,9.0840,9.4672,8.9121,9.3834,0.468,10.139
2021-12-23,9.3017,9.6284,9.3017,9.5377,0.419,10.126
2021-12-27,9.5105,9.8281,9.2927,9.7918,0.369,10.114
2021-12-28,9.7827,9.8916,9.5468,9.6647,0.319,10.100
2021-12-29,9.5558,9.7283,9.4379,9.6829,0.584,10.093
2021-12-30,9.6194,9.8735,9.5286,9.6194,0.214,10.091
2021-12-31,9.5286,9.7283,9.4651,9.7192,0.204,10.089
2022-01-03,9.8553,10.3091,9.6901,10.2818,0.368,10.096
2022-01-04,10.4361,10.6267,10.3000,10.4361,0.594,10.106
2022-01-05,10.4270,10.5541,10.0005,10.1185,0.394,10.105
2022-01-06,10.1185,10.6176,10.1185,10.4543,0.609,10.108
2022-01-07,10.4270,11.0160,10.4270,10.7537,0.788,10.120
2022-01-10,10.7719,10.9443,10.2092,10.7719,0.819,10.132
2022-01-11,10.8808,11.2075,10.7900,11.1076,0.690,10.156
2022-01-12,11.2075,11.3254,10.6630,11.0078,0.797,10.174
2022-01-13,10.8536,10.9352,10.2728,10.3454,1.131,10.185
2022-01-14,10.3454,10.5813,10.2093,10.2909,0.443,10.195
2022-01-18,10.2909,10.8354,10.0913,10.1457,0.965,10.191
2022-01-19,10.1820,10.3272,10.0550,10.1548,0.936,10.186
2022-01-20,10.1185,10.4633,10.0384,10.1003,0.761,10.163
2022-01-21,9.9824,10.0640,9.6103,9.7827,0.899,10.120
2022-01-24,9.5014,9.6920,8.8117,9.6647,0.831,10.080
2022-01-25,9.5195,10.0096,9.3675,9.9551,0.311,10.044
2022-01-26,10.3454,10.3454,9.4424,9.5921,0.497,9.999
2022-01-27,9.8099,9.9824,9.4469,9.7373,0.665,9.966
2022-01-28,9.6494,10.1231,9.4562,10.1185,0.503,9.937
2022-01-31,10.1093,10.4956,10.0357,10.3852,0.723,9.920
2022-02-01,10.3760,10.7624,10.1564,10.7440,0.505,9.909
2022-02-02,10.6704,11.0292,10.5876,10.9740,0.790,9.910
2022-02-03,10.8084,10.9832,10.7348,10.8636,0.416,9.912
2022-02-04,10.9924,11.0475,10.7900,10.9464,0.446,9.913
2022-02-07,10.9556,11.1763,10.8084,11.0292,0.655,9.925
2022-02-08,10.9096,11.0935,10.6244,11.0383,0.667,9.943
2022-02-09,11.0292,11.3051,10.9740,11.2591,0.660,9.977
2022-02-10,11.1303,11.4707,10.7532,10.8912,0.905,10.011
2022-02-11,10.9372,11.3971,10.8636,11.2131,1.232,10.052
2022-02-14,11.1855,11.3603,10.6106,10.6520,0.638,10.071
2022-02-15,10.4956,10.7532,10.0265,10.3209,0.701,10.082
2022-02-16,10.3301,10.7164,10.1553,10.5140,0.904,10.101
2022-02-17,10.3025,11.0383,9.9346,10.5232,1.918,10.118
2022-02-18,10.4680,10.8360,10.1277,10.1737,0.796,10.124
2022-02-22,10.3025,10.4036,9.8149,10.0265,0.577,10.130
2022-02-23,10.1185,10.2197,9.8609,10.0357,0.339,10.144
2022-02-24,9.9897,10.0909,9.7689,9.9989,0.607,10.160
2022-02-25,10.0449,10.4128,9.9713,10.3852,0.643,10.194
2022-02-28,10.4680,11.0246,10.3668,10.9924,1.466,10.234
2022-03-01,11.0567,11.0751,10.6796,11.0475,0.578,10.267
2022-03-02,11.1303,11.3143,10.9096,11.0292,0.657,10.305
2022-03-03,11.0292,11.3879,10.8848,11.1947,1.021,10.351
2022-03-04,11.1487,11.4799,11.0016,11.2683,0.777,10.394
2022-03-07,11.4247,11.5719,10.9252,11.3511,1.021,10.434
2022-03-08,11.6731,12.3630,11.3465,11.3695,4.230,10.470
2022-03-09,10.9924,11.3971,10.5784,11.2959,1.531,10.501
2022-03-10,11.2959,11.7007,11.2407,11.5351,1.260,10.538
2022-03-11,11.4247,11.7650,10.8820,10.9832,1.075,10.564
2022-03-14,10.9004,11.0751,10.4864,10.5784,1.113,10.583
2022-03-15,10.2933,10.7164,10.1185,10.2381,0.655,10.594
2022-03-16,10.2933,10.4864,9.9805,10.2657,0.636,10.593
2022-03-17,10.3485,10.7992,10.3485,10.6520,0.345,10.598
2022-03-18,10.6428,10.7440,10.4404,10.7164,0.680,10.609
2022-03-21,10.7072,11.2775,10.6704,11.2315,0.300,10.625
2022-03-22,11.1671,11.4983,11.0292,11.2591,0.410,10.635
2022-03-23,11.3787,11.4891,11.1211,11.2039,0.355,10.644
2022-03-24,11.2039,11.4615,11.1487,11.4615,0.373,10.651
2022-03-25,11.3603,11.7374,11.3373,11.5075,0.383,10.661
2022-03-28,11.3511,11.5351,11.0567,11.4247,0.520,10.682
2022-03-29,11.3143,11.6915,11.1671,11.3787,0.437,10.704
2022-03-30,11.4891,11.4937,10.9096,10.9464,0.270,10.720
2022-03-31,10.8360,11.0659,10.7716,10.7716,0.180,10.733
2022-04-01,10.7716,11.1395,10.7164,10.8176,0.993,10.747
2022-04-04,10.7808,11.1671,10.4864,11.1395,0.561,10.774
2022-04-05,11.2131,11.5259,11.1213,11.5075,0.759,10.811
2022-04-06,11.6363,11.8846,11.4247,11.6823,0.842,10.845
2022-04-07,11.7926,11.7926,11.0895,11.3419,0.342,10.880
2022-04-08,11.3879,11.5535,11.1855,11.4983,0.286,10.916
2022-04-11,11.3419,11.4063,10.9924,11.0935,0.300,10.935
2022-04-12,11.2039,11.6271,11.1947,11.5903,0.487,10.959
2022-04-13,11.5995,11.8662,11.4339,11.6271,0.755,10.977
2022-04-14,11.5075,12.0134,11.5075,11.7558,0.481,10.993
2022-04-18,12.0042,12.0134,11.4983,11.5075,0.294,11.005
2022-04-19,11.4799,11.7742,11.3235,11.6639,0.390,11.020
2022-04-20,11.7098,12.0410,11.5351,11.9582,0.266,11.038
2022-04-21,11.9490,12.2710,11.6317,11.6731,0.404,11.051
2022-04-22,11.7190,11.7190,11.1487,11.1487,0.307,11.049
2022-04-25,11.0935,11.0935,10.0449,10.5232,0.435,11.041
2022-04-26,10.5140,10.5692,9.9161,9.9437,0.296,11.016
2022-04-27,9.8977,10.3577,9.8793,10.2289,0.270,11.008
2022-04-28,10.4866,10.5658,10.1510,10.4772,0.258,11.011
2022-04-29,10.2256,10.5984,10.1230,10.2349,0.224,11.005
2022-05-02,10.2256,10.2908,9.6197,10.1883,0.514,10.998
2022-05-03,10.2162,10.7382,10.0484,10.5984,0.420,11.007
2022-05-04,10.8314,11.5026,10.6357,11.5026,0.459,11.036
2022-05-05,11.4280,11.4653,10.5704,11.2602,0.475,11.061
2022-05-06,11.2975,11.5492,10.9619,11.5212,0.282,11.091
2022-05-09,11.1670,11.4000,10.3094,10.4586,0.424,11.093
2022-05-10,10.5425,10.7476,9.8061,9.8900,0.397,11.071
2022-05-11,9.9925,10.2815,9.4705,9.5171,0.664,11.040
2022-05-12,9.4053,9.7315,9.1909,9.2748,0.743,11.005
2022-05-13,9.5171,9.8900,9.4239,9.7595,0.622,10.976
2022-05-16,9.7408,10.1883,9.7408,10.1230,0.211,10.954
2022-05-17,10.2069,10.7196,10.1240,10.5332,0.254,10.937
2022-05-18,10.4959,10.5145,10.0205,10.3374,0.393,10.917
2022-05-19,10.1510,10.3654,9.9832,10.1603,0.272,10.894
2022-05-20,10.2162,10.5587,10.2162,10.4679,0.330,10.872
2022-05-23,10.6171,11.0179,10.4866,10.9153,0.375,10.871
2022-05-24,10.7662,10.8874,10.5052,10.6823,0.373,10.873
2022-05-25,10.7382,11.2229,10.7382,11.0458,0.418,10.889
2022-05-26,11.0738,11.4094,11.0179,11.0645,0.333,10.905
2022-05-27,11.2136,11.7449,11.0738,11.5212,0.389,10.923
2022-05-31,11.4933,11.8382,11.3068,11.4094,0.658,10.937
2022-06-01,11.2509,11.8009,11.0924,11.7543,0.473,10.947
2022-06-02,11.6424,11.8195,11.6144,11.7729,0.181,10.957
2022-06-03,11.6610,11.7356,11.5119,11.5678,0.151,10.965
2022-06-06,11.7170,11.9593,11.5818,11.9593,0.220,10.975
2022-06-07,11.8288,11.9500,11.7170,11.8568,0.229,10.982
2022-06-08,11.8754,11.8754,11.3814,11.6890,0.298,10.987
2022-06-09,11.5865,12.0712,11.5305,11.9687,0.293,10.999
2022-06-10,11.6983,11.8288,11.3255,11.4746,0.241,11.009
2022-06-13,11.1857,11.2416,10.3467,10.4306,0.974,11.002
2022-06-14,10.5238,10.6310,9.7408,9.7595,0.969,10.981
2022-06-15,9.7408,9.9552,9.3121,9.4705,1.128,10.948
2022-06-16,9.2841,9.3074,8.5663,8.7807,0.834,10.893
2022-06-17,8.8087,8.8740,8.1282,8.4918,1.149,10.829
2022-06-21,8.6689,9.2748,8.6316,8.9299,0.586,10.781
2022-06-22,8.5104,8.5104,8.1189,8.2587,0.855,10.716
2022-06-23,8.3613,8.3892,7.5037,7.6249,0.684,10.647
2022-06-24,7.8300,7.9977,7.5969,7.6342,0.383,10.568
2022-06-27,7.6995,8.0910,7.5410,7.9418,0.620,10.494
2022-06-28,8.1562,8.3520,7.8206,7.8672,0.635,10.416
2022-06-29,7.9325,8.0910,7.5130,7.5224,0.628,10.337
2022-06-30,7.4571,7.5503,7.0936,7.4757,0.850,10.253
2022-07-01,7.4851,7.8579,7.3732,7.8020,0.402,10.170
2022-07-05,7.6622,7.7367,7.3640,7.6342,0.986,10.089
2022-07-06,7.5224,7.7228,7.2707,7.4664,0.823,10.015
2022-07-07,7.7088,8.1376,7.6948,7.8859,0.746,9.963
2022-07-08,7.9232,7.9698,7.4571,7.6435,0.820,9.917
2022-07-11,7.5596,7.6249,7.2893,7.4571,0.820,9.861
2022-07-12,7.2986,7.5177,7.2707,7.3266,0.348,9.798
2022-07-13,7.3080,7.7030,7.3080,7.6901,0.827,9.747
2022-07-14,7.4757,7.5685,7.3359,7.4478,0.289,9.693
2022-07-15,7.6156,7.6156,7.4198,7.5317,0.202,9.631
2022-07-18,7.6622,7.8393,7.5224,7.6529,0.709,9.554
2022-07-19,7.6901,7.8485,7.5876,7.8020,0.218,9.485
2022-07-20,7.7927,7.8766,7.5596,7.7181,0.472,9.409
2022-07-21,7.6249,7.6715,7.4478,7.6156,0.188,9.352
2022-07-22,7.5690,7.7461,7.4012,7.4664,0.207,9.304
2022-07-25,7.5596,7.9045,7.4664,7.7647,0.676,9.269
2022-07-26,7.8020,8.0257,7.7740,7.7927,0.474,9.239
2022-07-27,7.9139,8.2960,7.7461,8.1096,1.278,9.206
2022-07-28,8.5245,9.6504,8.5056,9.4612,1.909,9.193
2022-07-29,9.6504,9.8775,9.4139,9.4517,1.798,9.171
2022-08-01,9.5464,9.7450,9.1632,9.7167,0.735,9.159
2022-08-02,9.6031,9.7923,9.4517,9.6977,0.455,9.149
2022-08-03,9.7450,9.8333,9.3287,9.3287,0.512,9.127
2022-08-04,9.3761,9.4707,8.8084,8.8651,0.680,9.086
2022-08-05,8.9598,9.1111,8.6759,9.0449,0.448,9.053
2022-08-08,9.1301,9.5464,9.1301,9.3098,0.719,9.018
2022-08-09,9.3666,9.6220,9.3666,9.5180,0.252,8.987
2022-08-10,9.6031,9.8586,9.5085,9.7261,0.586,8.951
2022-08-11,9.8964,10.1897,9.7450,9.8775,0.596,8.921
2022-08-12,9.9153,9.9721,9.6126,9.8775,0.507,8.883
2022-08-15,9.4990,9.9910,9.4044,9.9343,0.397,8.846
2022-08-16,9.9437,10.5019,9.9437,10.4736,0.434,8.825
2022-08-17,10.3789,10.5019,10.1329,10.3600,0.476,8.793
2022-08-18,10.5019,11.5048,10.4168,11.0034,0.584,8.775
2022-08-19,10.7479,11.2399,10.7195,10.9466,0.510,8.761
2022-08-22,10.8804,11.2872,10.7385,10.9655,0.728,8.741
2022-08-23,11.1642,11.6751,10.9986,11.5994,0.537,8.743
2022-08-24,11.6373,11.9684,11.4764,11.9211,0.575,8.773
2022-08-25,11.9779,12.1009,11.6751,12.0441,0.551,8.819
2022-08-26,11.9306,11.9306,11.4670,11.5994,0.533,8.861
2022-08-29,11.4575,11.5994,11.2967,11.4575,0.454,8.915
2022-08-30,11.3061,11.4670,10.8993,10.8993,0.460,8.963
2022-08-31,10.6817,11.2304,10.6439,10.9561,0.500,9.003
2022-09-01,10.9182,11.0885,10.3600,10.6912,0.476,9.052
2022-09-02,11.0318,11.1358,10.7763,10.9088,0.261,9.118
2022-09-06,10.9655,10.9655,10.5587,10.6533,0.336,9.178
2022-09-07,10.4452,10.9750,10.4452,10.9750,0.397,9.239
2022-09-08,10.9182,11.1169,10.6628,11.1169,0.517,9.304
2022-09-09,11.2683,11.4859,11.1548,11.3818,0.805,9.381
2022-09-12,11.4007,11.6467,11.3629,11.6467,0.227,9.464
2022-09-13,11.4575,11.6751,11.1358,11.2115,0.256,9.533
2022-09-14,11.2115,11.7035,11.2115,11.4197,0.234,9.608
2022-09-15,11.2399,11.4291,10.9466,10.9655,0.321,9.678
2022-09-16,10.7952,10.8520,10.5776,10.7195,0.787,9.735
2022-09-19,10.5398,10.9845,10.5209,10.9277,0.143,9.801
2022-09-20,10.8047,11.0601,10.6249,11.0507,0.189,9.872
2022-09-21,11.1737,11.2494,10.5587,10.6060,0.180,9.938
2022-09-22,10.6249,10.7290,9.9910,10.1424,0.462,9.987
2022-09-23,9.8491,9.8491,9.1963,9.3761,0.468,10.026
2022-09-26,9.4801,9.5180,8.6570,8.6948,0.749,10.049
2022-09-27,8.8746,9.1632,8.7800,8.8084,0.843,10.072
2022-09-28,8.8746,9.3240,8.8651,9.0165,1.420,10.096
2022-09-29,8.9125,8.9219,8.5245,8.7516,0.394,10.117
2022-09-30,8.6759,8.9787,8.6002,8.7043,0.462,10.139
2022-10-03,9.0638,9.2152,8.8841,8.9692,0.748,10.169
2022-10-04,9.2247,9.9059,9.2058,9.5085,0.998,10.204
2022-10-05,9.4139,9.7545,9.1868,9.6410,0.646,10.241
2022-10-06,9.5653,9.9532,9.5653,9.5842,0.326,10.270
2022-10-07,9.5464,9.6693,9.4328,9.6031,0.437,10.273
2022-10-10,9.6031,9.7356,9.2436,9.2625,0.237,10.269
2022-10-11,9.1490,9.7640,9.0643,9.6883,0.362,10.269
2022-10-12,9.5747,9.9248,9.4517,9.8018,0.364,10.271
2022-10-13,9.6599,10.0573,9.6599,9.9248,0.248,10.283
2022-10-14,9.9248,9.9910,9.3382,9.4328,0.270,10.294
2022-10-17,9.4990,9.9153,9.4990,9.5653,0.588,10.304
2022-10-18,9.5937,10.4736,9.5464,10.0005,2.670,10.318
2022-10-19,9.8870,10.0383,9.4423,9.4612,0.455,10.317
2022-10-20,9.4612,9.8037,9.3761,9.5937,1.004,10.314
2022-10-21,9.7640,9.7829,9.5369,9.6220,0.476,10.309
2022-10-24,9.6504,9.8491,9.5653,9.6599,0.457,10.305
2022-10-25,9.6031,9.8397,9.5747,9.6693,0.881,10.300
2022-10-26,9.7829,10.2285,9.5558,10.2276,0.975,10.295
2022-10-27,10.8898,11.1358,10.4262,10.8142,0.720,10.304
2022-10-28,10.8292,11.1550,10.4363,11.1358,0.936,10.306
2022-10-31,11.0688,11.3946,10.9442,11.0113,0.828,10.308
2022-11-01,11.2317,11.2988,10.9825,10.9921,0.924,10.308
2022-11-02,10.8771,10.8867,10.3692,10.4267,1.098,10.285
2022-11-03,10.2638,10.6471,10.2638,10.5321,0.778,10.257
2022-11-04,10.6950,10.9442,10.5992,10.7333,0.380,10.231
2022-11-07,10.7813,10.8771,10.6950,10.7333,0.319,10.214
2022-11-08,10.8100,11.0304,10.5992,10.8963,0.546,10.202
2022-11-09,10.7429,10.8579,10.5513,10.5992,0.522,10.196
2022-11-10,10.8196,10.8292,10.3979,10.5321,1.009,10.188
2022-11-11,10.6663,10.7429,10.1871,10.2542,0.479,10.179
2022-11-14,10.2542,10.7956,10.2064,10.5417,0.787,10.172
2022-11-15,10.6183,10.6758,10.2254,10.2542,1.078,10.164
2022-11-16,10.2542,10.4938,10.1775,10.4458,0.379,10.153
2022-11-17,10.2446,10.4363,10.1104,10.1392,0.317,10.134
2022-11-18,10.0625,10.1200,9.8517,10.0433,0.338,10.107
2022-11-21,9.8900,9.8900,9.5738,9.8613,0.542,10.071
2022-11-22,9.8229,10.2446,9.6408,10.2254,0.423,10.051
2022-11-23,9.9858,10.0913,9.7558,9.7942,0.253,10.019
2022-11-25,9.5833,9.8996,9.5546,9.7750,0.185,9.995
2022-11-28,9.5929,9.8900,9.5929,9.6600,0.259,9.974
2022-11-29,9.8038,10.0338,9.6983,9.8708,0.403,9.953
2022-11-30,9.9092,10.4171,9.8660,10.1296,1.018,9.934
2022-12-01,10.1296,10.3500,9.9571,9.9667,1.565,9.922
2022-12-02,9.9763,10.1248,9.8708,9.8708,0.460,9.916
2022-12-05,9.8900,10.0098,9.6313,9.7367,1.057,9.923
2022-12-06,9.6217,9.8038,9.3054,9.4300,0.694,9.938
2022-12-07,9.3917,9.7654,9.3438,9.3725,0.573,9.949
2022-12-08,9.4492,9.6600,9.4204,9.4204,0.267,9.957
2022-12-09,9.3438,9.4683,9.0323,9.2958,0.901,9.968
2022-12-12,9.3150,9.4971,9.2479,9.3917,0.630,9.982
2022-12-13,9.5833,9.7367,9.2383,9.3533,1.521,9.990
2022-12-14,9.3821,9.4204,9.2671,9.2863,0.701,9.985
2022-12-15,9.2000,9.3150,9.1473,9.2383,0.735,9.977
2022-12-16,9.1042,9.5067,9.0946,9.4779,1.698,9.975
2022-12-19,9.4779,9.4875,8.9508,9.0371,0.697,9.964
2022-12-20,8.9125,9.1328,8.9125,8.9604,0.291,9.958
2022-12-21,9.0658,9.3054,8.9700,9.0371,0.592,9.945
2022-12-22,8.9796,8.9796,8.7256,8.7688,0.467,9.924
2022-12-23,8.7208,9.0131,8.7208,8.8646,0.438,9.903
2022-12-27,8.9125,9.2671,8.7400,9.0371,1.476,9.895
2022-12-28,8.9988,9.1042,8.8933,9.0467,0.363,9.885
2022-12-29,8.9892,9.4683,8.9892,9.4396,0.232,9.873
2022-12-30,9.3342,9.8229,9.2192,9.7846,0.380,9.880
2023-01-03,9.7367,9.7367,9.1329,9.3246,0.327,9.874
2023-01-04,9.2383,9.7367,9.2383,9.7079,0.328,9.876
2023-01-05,9.7271,9.8804,9.6025,9.8038,0.238,9.879
2023-01-06,9.8708,10.3979,9.7750,10.3883,0.453,9.893
2023-01-09,10.4554,10.6279,10.3979,10.6183,0.400,9.901
2023-01-10,10.6567,10.6567,10.1296,10.1392,0.498,9.888
2023-01-11,10.1392,10.4171,10.1300,10.2446,0.164,9.870
2023-01-12,10.3883,10.5800,10.3206,10.5225,0.174,9.860
2023-01-13,10.4171,10.5800,10.3979,10.5129,0.095,9.851
2023-01-17,10.5992,10.6950,10.5225,10.5800,0.098,9.854
2023-01-18,10.7046,10.7237,10.1392,10.1488,0.195,9.846
2023-01-19,10.1488,10.7094,10.1488,10.6471,0.254,9.844
2023-01-20,10.6375,11.0688,10.5417,11.0688,0.257,9.851
2023-01-23,11.0975,11.4425,10.9442,10.9442,1.050,9.852
2023-01-24,10.9538,11.2317,10.7525,11.0592,0.228,9.861
2023-01-25,10.9538,11.1838,10.7525,11.1742,0.212,9.874
2023-01-26,11.0208,11.3563,10.9250,11.3563,0.234,9.896
2023-01-27,11.2988,11.4425,11.1167,11.3563,0.227,9.912
2023-01-30,11.0430,11.2809,10.8002,10.8196,0.367,9.924
2023-01-31,10.8681,11.0138,10.7516,10.9653,0.380,9.934
2023-02-01,10.8002,11.0624,10.7613,10.9944,0.545,9.951
2023-02-02,10.7904,11.1595,10.7904,11.0235,0.330,9.971
2023-02-03,11.1012,11.1692,10.8390,10.9070,0.321,9.992
2023-02-06,10.8099,11.3732,10.8099,11.3343,0.482,10.014
2023-02-07,11.2372,11.3780,10.8390,10.9361,0.413,10.037
2023-02-08,10.9070,10.9847,10.3048,10.5671,0.595,10.052
2023-02-09,10.6836,10.7225,10.4020,10.6933,0.424,10.073
2023-02-10,10.8293,11.1207,10.7569,11.0915,0.239,10.098
2023-02-13,11.1012,11.4120,10.9653,10.9750,0.196,10.114
2023-02-14,11.0041,11.4897,10.9847,11.4315,0.378,10.144
2023-02-15,11.4023,11.5237,11.0478,11.1401,0.278,10.169
2023-02-16,10.9750,11.2275,10.7322,10.9167,0.263,10.193
2023-02-17,10.9944,10.9944,10.5574,10.6545,0.246,10.217
2023-02-21,10.4991,10.7516,10.4894,10.5768,0.146,10.241
2023-02-22,11.3052,11.5966,11.0235,11.3538,0.383,10.280
2023-02-23,11.3732,11.4120,10.9750,11.0235,0.363,10.314
2023-02-24,10.9653,11.3052,10.8196,11.2469,0.235,10.352
2023-02-27,11.2372,11.3635,11.2032,11.2566,0.176,10.390
2023-02-28,11.2858,11.4800,11.1984,11.2372,0.999,10.429
2023-03-01,11.2761,11.4606,11.2664,11.2761,0.293,10.469
2023-03-02,11.2761,11.6257,11.1887,11.4995,0.544,10.510
2023-03-03,11.4703,11.8005,11.4120,11.5383,0.317,10.560
2023-03-06,11.5674,11.7520,11.5227,11.6257,0.232,10.613
2023-03-07,11.5383,11.7228,11.4897,11.5480,0.259,10.663
2023-03-08,11.5966,11.6257,11.3343,11.4412,0.412,10.717
2023-03-09,11.4897,11.6646,11.3441,11.3538,0.767,10.767
2023-03-10,11.3635,11.4800,11.1012,11.1692,0.360,10.809
2023-03-13,11.0430,11.3538,10.8293,11.1984,0.252,10.852
2023-03-14,11.2275,11.4412,11.0721,11.1304,0.177,10.886
2023-03-15,10.8584,11.2566,10.1980,11.2566,0.995,10.916
2023-03-16,11.2566,11.3246,10.7322,11.3246,0.458,10.956
2023-03-17,11.3441,11.3441,10.7127,10.8099,0.633,10.978
2023-03-20,10.8002,11.0187,10.6156,10.6448,0.197,10.994
2023-03-21,10.7613,11.0333,10.6739,10.8779,0.626,11.004
2023-03-22,10.7904,11.0624,10.6545,10.6642,0.268,11.005
2023-03-23,10.6059,10.7602,10.0037,10.0717,0.540,11.004
2023-03-24,10.0037,10.5088,9.9260,10.3922,0.321,11.007
2023-03-27,10.4797,10.8002,10.4408,10.6739,0.218,11.010
2023-03-28,10.6739,10.9944,10.5476,10.8293,0.260,11.016
2023-03-29,10.9361,10.9361,10.6448,10.8973,0.151,11.022
2023-03-30,10.9070,10.9944,10.7904,10.8099,0.247,11.036
2023-03-31,10.9070,10.9944,10.7419,10.9361,0.175,11.041
2023-04-03,11.1595,11.3732,10.9847,11.3538,0.246,11.047
2023-04-04,11.3149,11.3529,10.9167,10.9750,0.224,11.048
2023-04-05,10.9070,11.2858,10.9070,11.1207,0.122,11.049
2023-04-06,11.1012,11.1012,10.8487,10.8779,0.276,11.043
2023-04-10,10.8487,11.1450,10.8099,10.8779,0.521,11.034
2023-04-11,10.8584,11.0430,10.8487,10.9750,0.183,11.026
2023-04-12,10.8876,11.1110,10.8002,10.8487,0.119,11.026
2023-04-13,10.7904,11.0041,10.7419,10.7710,0.122,11.023
2023-04-14,10.7613,10.9070,10.6059,10.6739,0.141,11.016
2023-04-17,10.6836,11.0624,10.6836,11.0041,0.244,11.016
2023-04-18,10.9653,11.0818,10.6059,10.7127,0.226,11.012
2023-04-19,10.6836,10.7419,10.4408,10.4797,0.290,10.995
2023-04-20,10.4797,10.5379,10.1106,10.5282,0.375,10.987
2023-04-21,10.2271,10.4991,10.0135,10.4602,0.234,10.985
2023-04-24,10.2854,10.5768,10.2854,10.5574,0.192,10.982
2023-04-25,10.4602,10.5169,10.2660,10.2951,0.212,10.966
2023-04-26,10.3437,10.6448,10.2660,10.5962,0.435,10.958
2023-04-27,10.5945,10.7520,10.5846,10.7225,0.194,10.944
2023-04-28,10.6634,10.9883,10.5846,10.9883,0.644,10.941
2023-05-01,10.7422,11.0228,10.6535,10.8012,0.220,10.939
2023-05-02,10.6831,10.6831,10.3483,10.4369,0.355,10.934
2023-05-03,10.4369,10.5625,10.2302,10.3582,0.682,10.930
2023-05-04,10.1908,10.2646,9.5410,9.8462,0.641,10.900
2023-05-05,10.0234,10.1809,9.7280,9.8658,0.432,10.877
2023-05-08,9.9151,10.2597,9.5902,9.6985,0.403,10.846
2023-05-09,9.6197,9.8462,9.5803,9.5902,0.383,10.812
2023-05-10,9.5803,9.6591,9.4228,9.5311,0.829,10.778
2023-05-11,9.5015,9.7083,9.5015,9.6689,0.141,10.746
2023-05-12,9.6689,9.8648,9.6492,9.7182,0.135,10.711
2023-05-15,9.8265,10.4369,9.6788,10.2302,0.572,10.684
2023-05-16,10.2991,10.4566,10.1022,10.1022,0.183,10.654
2023-05-17,10.1218,10.1415,9.8560,10.1022,0.152,10.625
2023-05-18,9.9742,10.2105,9.8462,10.1612,0.374,10.599
2023-05-19,10.0726,10.3286,10.0726,10.0726,0.157,10.574
2023-05-22,10.1317,10.2498,9.9545,9.9742,0.162,10.550
2023-05-23,10.0628,10.5354,10.0628,10.4862,0.292,10.536
2023-05-24,10.5157,10.5452,10.1415,10.1612,0.330,10.516
2023-05-25,10.1711,10.2498,10.0135,10.0234,0.164,10.492
2023-05-26,10.1120,10.1415,9.9052,9.9052,0.554,10.463
2023-05-30,9.9249,9.9249,9.5409,9.6295,0.789,10.440
2023-05-31,9.5114,9.9052,9.4720,9.5015,0.848,10.417
2023-06-01,9.5803,9.7772,9.4326,9.6098,0.709,10.391
2023-06-02,9.7772,9.9938,9.6098,9.8560,0.408,10.375
2023-06-05,9.9938,9.9249,9.7083,9.7280,0.331,10.368
2023-06-06,9.6788,9.8955,9.6197,9.8658,0.496,10.358
2023-06-07,9.8954,10.1514,9.7822,10.0332,0.482,10.345
2023-06-08,10.0431,10.2478,9.6197,9.7969,0.985,10.324
2023-06-09,9.7083,9.7772,9.4917,9.7674,1.874,10.302
2023-06-12,9.7871,9.9988,9.6788,9.7871,0.374,10.281
2023-06-13,9.8954,10.0331,9.7182,9.7772,0.472,10.258
2023-06-14,9.8954,9.9742,9.8068,9.8462,1.484,10.228
2023-06-15,9.8068,10.0825,9.7575,9.8954,0.616,10.206
2023-06-16,9.9446,10.0578,9.7969,9.8462,1.878,10.181
2023-06-20,9.8166,9.8560,9.3243,9.4917,0.732,10.153
2023-06-21,9.4425,9.7083,9.4425,9.6000,0.304,10.128
2023-06-22,9.5606,9.5655,9.4228,9.4326,0.216,10.097
2023-06-23,9.3538,9.4031,9.0142,9.0388,0.339,10.061
2023-06-26,8.9797,9.4228,8.9797,9.3440,0.298,10.032
2023-06-27,9.3440,9.4031,9.2652,9.2948,0.135,10.004
2023-06-28,9.2357,9.4326,9.1372,9.3342,0.532,9.971
2023-06-29,9.3342,9.5705,9.3342,9.5015,0.193,9.947
2023-06-30,9.5212,9.6492,9.4031,9.4031,0.228,9.925
2023-07-03,9.7477,9.7477,9.4818,9.5409,0.046,9.906
2023-07-05,9.6295,9.6295,9.2258,9.2948,0.609,9.882
2023-07-06,9.1865,9.2751,9.0978,9.2357,0.279,9.856
2023-07-07,9.2849,9.5705,9.2652,9.5508,0.306,9.841
2023-07-10,9.4720,9.5409,9.2751,9.4917,0.442,9.819
2023-07-11,9.4917,9.7182,9.4917,9.7182,0.361,9.799
2023-07-12,9.7772,9.8215,9.6000,9.6788,0.287,9.773
2023-07-13,9.6788,9.7477,9.5508,9.6492,0.155,9.749
2023-07-14,9.7280,9.7477,9.4326,9.4523,0.176,9.730
2023-07-17,9.4523,9.6492,9.2554,9.4720,0.306,9.712
2023-07-18,9.5114,9.7920,9.5015,9.6985,0.294,9.709
2023-07-19,9.7772,9.8068,9.6985,9.7378,0.254,9.707
2023-07-20,9.7674,9.8462,9.6788,9.7674,0.198,9.708
2023-07-21,9.7378,9.7982,9.4622,9.4818,0.346,9.706
2023-07-24,9.5606,9.7280,9.4917,9.6098,0.323,9.707
2023-07-25,9.6788,9.9249,9.6295,9.7477,0.582,9.709
2023-07-26,9.7083,9.8462,9.6394,9.6788,0.216,9.708
2023-07-27,9.7477,9.7969,9.5114,9.6295,0.408,9.696
2023-07-28,9.5500,9.7700,9.5500,9.6000,0.309,9.686
2023-07-31,9.6700,9.8900,9.6700,9.7900,0.150,9.680
2023-08-01,9.7000,9.8100,9.6300,9.7100,0.249,9.671
2023-08-02,9.6900,9.7300,9.3200,9.3900,0.467,9.657
2023-08-03,9.1100,9.4800,8.3200,8.3800,3.061,9.625
2023-08-04,8.4500,8.4900,8.2000,8.2800,1.206,9.581
2023-08-07,8.2900,8.5000,8.0500,8.4900,2.149,9.548
2023-08-08,8.3900,8.9100,8.3400,8.8100,3.376,9.523
2023-08-09,9.0000,9.2500,8.9000,9.0000,0.898,9.505
2023-08-10,9.1000,9.4800,9.0265,9.3400,0.740,9.500
2023-08-11,9.3900,9.7800,9.3000,9.7800,0.557,9.505
2023-08-14,9.6800,9.7880,9.3200,9.3900,0.757,9.501
2023-08-15,9.3600,9.4200,9.1300,9.1700,0.267,9.487
2023-08-16,9.2300,9.4400,9.1700,9.4300,0.536,9.481
2023-08-17,9.5600,9.5600,9.3250,9.3600,0.183,9.471
2023-08-18,9.3500,9.8100,9.2600,9.7600,0.358,9.465
2023-08-21,9.7600,9.9300,9.7101,9.9100,0.411,9.468
2023-08-22,9.8600,9.8600,9.5700,9.7300,0.260,9.467
2023-08-23,9.7000,9.7000,9.4300,9.5900,0.219,9.463
2023-08-24,9.5500,9.6400,9.3700,9.3900,0.309,9.455
2023-08-25,9.3800,9.8700,9.3700,9.8200,0.278,9.455
2023-08-28,9.9000,9.9000,9.6600,9.7200,0.227,9.451
2023-08-29,9.8000,9.8600,9.5600,9.8400,0.252,9.451
2023-08-30,9.8100,9.8700,9.7100,9.7900,0.237,9.457
2023-08-31,9.8100,9.9900,9.7400,9.8900,0.305,9.463
2023-09-01,10.0000,10.3600,9.9450,10.3600,0.485,9.481
2023-09-05,10.2600,10.5600,10.2500,10.5000,0.371,9.511
2023-09-06,10.5600,10.6500,10.1700,10.2900,0.822,9.530
2023-09-07,10.3300,10.5200,10.1900,10.4500,0.312,9.553
2023-09-08,10.5400,10.6100,10.2200,10.5800,0.361,9.578
2023-09-11,10.6000,10.7900,10.4300,10.5300,0.988,9.598
2023-09-12,10.5600,10.9300,10.5600,10.7900,0.270,9.626
2023-09-13,10.7800,11.0000,10.7601,10.9000,0.266,9.653
2023-09-14,10.9100,10.9900,10.7000,10.7500,0.351,9.682
2023-09-15,10.7500,10.8000,10.6200,10.6200,1.007,9.710
2023-09-18,10.7100,10.9100,10.4600,10.8700,0.270,9.736
2023-09-19,10.9100,11.0100,10.7700,10.7800,0.575,9.762
2023-09-20,10.8100,11.2900,10.8100,10.9000,0.678,9.786
2023-09-21,10.9800,11.0800,10.7800,10.7900,0.831,9.808
2023-09-22,10.8800,11.1800,10.0200,10.0400,5.154,9.816
2023-09-25,10.0900,10.7200,10.0500,10.4600,1.860,9.836
2023-09-26,10.3400,10.5500,9.9900,10.0100,0.306,9.847
2023-09-27,10.1400,10.3100,10.0000,10.2500,0.588,9.858
2023-09-28,10.0300,10.3000,10.0250,10.2600,0.640,9.868
2023-09-29,10.3100,10.7550,10.2300,10.3200,0.603,9.879
2023-10-02,10.2500,10.4200,10.1500,10.1500,0.419,9.893
2023-10-03,10.1000,10.1600,9.8650,10.0000,0.351,9.900
2023-10-04,9.9600,10.1150,9.7700,9.9600,0.429,9.905
2023-10-05,9.9700,10.1000,9.8500,9.9400,0.495,9.910
2023-10-06,9.9200,10.0750,9.8800,9.9000,0.405,9.915
2023-10-09,10.0400,10.4000,10.0400,10.2300,0.314,9.928
2023-10-10,10.4700,10.5000,10.2000,10.2800,0.232,9.938
